   0.0000 0.0000e+00 0.0000e+00 0.0000e+00 0.0000e+00 0.0000e+00 0.0000e+00 0.0000e+00 0.0000e+00 0.0000e+00 0.0000e+00 0.0000e+00 0.0000e+00 0.0000e+00
   0.2500 3.0890e+06 1.3496e+06 4.8250e+06 1.4437e+06 4.6703e+06 2.5246e+06 3.8052e+06 2.4520e+06 3.2742e+06 4.2145e+06 2.2174e+06 4.6703e+06 1.4437e+06
   0.5000 5.9613e+06 2.6421e+06 9.2312e+06 2.8239e+06 8.9289e+06 4.8779e+06 7.3346e+06 4.7773e+06 6.3048e+06 8.0356e+06 4.3034e+06 8.9289e+06 2.8239e+06
   0.7500 8.6067e+06 3.8670e+06 1.3222e+07 4.1274e+06 1.2786e+07 7.0574e+06 1.0566e+07 6.9513e+06 9.0930e+06 1.1501e+07 6.2435e+06 1.2786e+07 4.1274e+06
   1.0000 1.0967e+07 5.0022e+06 1.6708e+07 5.3295e+06 1.6156e+07 9.0180e+06 1.3423e+07 8.9289e+06 1.1578e+07 1.4542e+07 7.9949e+06 1.6156e+07 5.3295e+06
   1.2500 1.2999e+07 6.0291e+06 1.9635e+07 6.4108e+06 1.8988e+07 1.0724e+07 1.5856e+07 1.0677e+07 1.3713e+07 1.7111e+07 9.5243e+06 1.8988e+07 6.4108e+06
   1.5000 1.4688e+07 6.9357e+06 2.2000e+07 7.3591e+06 2.1282e+07 1.2161e+07 1.7849e+07 1.2180e+07 1.5481e+07 1.9205e+07 1.0814e+07 2.1282e+07 7.3591e+06
   1.7500 1.6040e+07 7.7162e+06 2.3842e+07 8.1693e+06 2.3074e+07 1.3331e+07 1.9414e+07 1.3435e+07 1.6884e+07 2.0854e+07 1.1860e+07 2.3074e+07 8.1693e+06
   2.0000 1.7069e+07 8.3672e+06 2.5207e+07 8.8396e+06 2.4413e+07 1.4241e+07 2.0577e+07 1.4447e+07 1.7938e+07 2.2093e+07 1.2667e+07 2.4413e+07 8.8396e+06
   2.2500 1.7799e+07 8.8903e+06 2.6146e+07 9.3726e+06 2.5345e+07 1.4908e+07 2.1367e+07 1.5227e+07 1.8663e+07 2.2959e+07 1.3245e+07 2.5345e+07 9.3726e+06
   2.5000 1.8257e+07 9.2896e+06 2.6710e+07 9.7734e+06 2.5919e+07 1.5351e+07 2.1826e+07 1.5790e+07 1.9090e+07 2.3491e+07 1.3613e+07 2.5919e+07 9.7734e+06
   2.7500 1.8470e+07 9.5712e+06 2.6942e+07 1.0049e+07 2.6177e+07 1.5593e+07 2.1989e+07 1.6152e+07 1.9249e+07 2.3722e+07 1.3790e+07 2.6177e+07 1.0049e+07
   3.0000 1.8469e+07 9.7432e+06 2.6886e+07 1.0209e+07 2.6158e+07 1.5656e+07 2.1893e+07 1.6331e+07 1.9171e+07 2.3687e+07 1.3797e+07 2.6158e+07 1.0209e+07
   3.2500 1.8283e+07 9.8144e+06 2.6580e+07 1.0263e+07 2.5898e+07 1.5564e+07 2.1577e+07 1.6346e+07 1.8894e+07 2.3421e+07 1.3661e+07 2.5898e+07 1.0263e+07
   3.5000 1.7943e+07 9.7960e+06 2.6062e+07 1.0223e+07 2.5432e+07 1.5339e+07 2.1080e+07 1.6217e+07 1.8455e+07 2.2960e+07 1.3404e+07 2.5432e+07 1.0223e+07
   3.7500 1.7475e+07 9.6992e+06 2.5369e+07 1.0103e+07 2.4792e+07 1.5002e+07 2.0437e+07 1.5964e+07 1.7886e+07 2.2338e+07 1.3050e+07 2.4792e+07 1.0103e+07
   4.0000 1.6905e+07 9.5344e+06 2.4535e+07 9.9127e+06 2.4012e+07 1.4574e+07 1.9680e+07 1.5608e+07 1.7216e+07 2.1588e+07 1.2618e+07 2.4012e+07 9.9127e+06
   4.2500 1.6259e+07 9.3137e+06 2.3591e+07 9.6659e+06 2.3120e+07 1.4075e+07 1.8842e+07 1.5167e+07 1.6474e+07 2.0737e+07 1.2128e+07 2.3120e+07 9.6659e+06
   4.5000 1.5556e+07 9.0484e+06 2.2565e+07 9.3742e+06 2.2144e+07 1.3523e+07 1.7949e+07 1.4660e+07 1.5684e+07 1.9814e+07 1.1598e+07 2.2144e+07 9.3742e+06
   4.7500 1.4817e+07 8.7480e+06 2.1485e+07 9.0481e+06 2.1110e+07 1.2933e+07 1.7023e+07 1.4103e+07 1.4866e+07 1.8842e+07 1.1043e+07 2.1110e+07 9.0481e+06
   5.0000 1.4059e+07 8.4216e+06 2.0376e+07 8.6966e+06 2.0042e+07 1.2320e+07 1.6084e+07 1.3512e+07 1.4037e+07 1.7844e+07 1.0474e+07 2.0042e+07 8.6966e+06
   5.2500 1.3296e+07 8.0786e+06 1.9256e+07 8.3297e+06 1.8961e+07 1.1697e+07 1.5148e+07 1.2900e+07 1.3212e+07 1.6840e+07 9.9037e+06 1.8961e+07 8.3297e+06
   5.5000 1.2539e+07 7.7258e+06 1.8145e+07 7.9546e+06 1.7884e+07 1.1073e+07 1.4229e+07 1.2279e+07 1.2403e+07 1.5846e+07 9.3393e+06 1.7884e+07 7.9546e+06
   5.7500 1.1797e+07 7.3676e+06 1.7055e+07 7.5756e+06 1.6824e+07 1.0456e+07 1.3337e+07 1.1657e+07 1.1619e+07 1.4874e+07 8.7877e+06 1.6824e+07 7.5756e+06
   6.0000 1.1078e+07 7.0088e+06 1.5996e+07 7.1976e+06 1.5793e+07 9.8528e+06 1.2478e+07 1.1040e+07 1.0866e+07 1.3933e+07 8.2538e+06 1.5793e+07 7.1976e+06
   6.2500 1.0386e+07 6.6529e+06 1.4977e+07 6.8242e+06 1.4798e+07 9.2681e+06 1.1657e+07 1.0433e+07 1.0147e+07 1.3029e+07 7.7409e+06 1.4798e+07 6.8242e+06
   6.5000 9.7240e+06 6.3035e+06 1.4003e+07 6.4587e+06 1.3844e+07 8.7053e+06 1.0878e+07 9.8429e+06 9.4643e+06 1.2166e+07 7.2513e+06 1.3844e+07 6.4587e+06
   6.7500 9.0948e+06 5.9630e+06 1.3076e+07 6.1036e+06 1.2936e+07 8.1670e+06 1.0142e+07 9.2718e+06 8.8201e+06 1.1348e+07 6.7864e+06 1.2936e+07 6.1036e+06
   7.0000 8.4994e+06 5.6329e+06 1.2199e+07 5.7602e+06 1.2075e+07 7.6546e+06 9.4501e+06 8.7218e+06 8.2145e+06 1.0575e+07 6.3469e+06 1.2075e+07 5.7602e+06
   7.2500 7.9381e+06 5.3147e+06 1.1373e+07 5.4299e+06 1.1263e+07 7.1691e+06 8.8009e+06 8.1948e+06 7.6472e+06 9.8484e+06 5.9328e+06 1.1263e+07 5.4299e+06
   7.5000 7.4109e+06 5.0113e+06 1.0597e+07 5.1157e+06 1.0500e+07 6.7108e+06 8.1941e+06 7.6951e+06 7.1176e+06 9.1679e+06 5.5441e+06 1.0500e+07 5.1157e+06
   7.7500 6.9169e+06 4.7237e+06 9.8712e+06 4.8185e+06 9.7844e+06 6.2793e+06 7.6282e+06 7.2238e+06 6.6240e+06 8.5323e+06 5.1799e+06 9.7844e+06 4.8185e+06
   8.0000 6.4551e+06 4.4498e+06 9.1931e+06 4.5358e+06 9.1157e+06 5.8741e+06 7.1014e+06 6.7771e+06 6.1650e+06 7.9398e+06 4.8395e+06 9.1157e+06 4.5358e+06
   8.2500 6.0240e+06 4.1869e+06 8.5608e+06 4.2649e+06 8.4918e+06 5.4944e+06 6.6118e+06 6.3518e+06 5.7385e+06 7.3883e+06 4.5217e+06 8.4918e+06 4.2649e+06
   8.5000 5.6222e+06 3.9362e+06 7.9722e+06 4.0069e+06 7.9105e+06 5.1390e+06 6.1571e+06 5.9490e+06 5.3428e+06 6.8758e+06 4.2254e+06 7.9105e+06 4.0069e+06
   8.7500 5.2480e+06 3.6994e+06 7.4249e+06 3.7636e+06 7.3697e+06 4.8069e+06 5.7352e+06 5.5704e+06 4.9758e+06 6.4000e+06 3.9494e+06 7.3697e+06 3.7636e+06
   9.0000 4.9000e+06 3.4767e+06 6.9166e+06 3.5350e+06 6.8671e+06 4.4970e+06 5.3441e+06 5.2160e+06 4.6357e+06 5.9586e+06 3.6925e+06 6.8671e+06 3.5350e+06
   9.2500 4.5764e+06 3.2680e+06 6.4448e+06 3.3209e+06 6.4003e+06 4.2079e+06 4.9816e+06 4.8851e+06 4.3207e+06 5.5496e+06 3.4535e+06 6.4003e+06 3.3209e+06
   9.5000 4.2757e+06 3.0730e+06 6.0072e+06 3.1213e+06 5.9671e+06 3.9385e+06 4.6458e+06 4.5773e+06 4.0291e+06 5.1707e+06 3.2313e+06 5.9671e+06 3.1213e+06
   9.7500 3.9964e+06 2.8907e+06 5.6014e+06 2.9347e+06 5.5653e+06 3.6875e+06 4.3347e+06 4.2905e+06 3.7591e+06 4.8198e+06 3.0246e+06 5.5653e+06 2.9347e+06
  10.0000 3.7369e+06 2.7196e+06 5.2252e+06 2.7598e+06 5.1926e+06 3.4538e+06 4.0465e+06 4.0225e+06 3.5091e+06 4.4949e+06 2.8325e+06 5.1926e+06 2.7598e+06
  10.2500 3.4959e+06 2.5591e+06 4.8764e+06 2.5958e+06 4.8469e+06 3.2361e+06 3.7795e+06 3.7722e+06 3.2775e+06 4.1939e+06 2.6539e+06 4.8469e+06 2.5958e+06
  10.5000 3.2720e+06 2.4087e+06 4.5530e+06 2.4423e+06 4.5264e+06 3.0334e+06 3.5320e+06 3.5386e+06 3.0630e+06 3.9152e+06 2.4878e+06 4.5264e+06 2.4423e+06
  10.7500 3.0640e+06 2.2678e+06 4.2533e+06 2.2986e+06 4.2291e+06 2.8447e+06 3.3027e+06 3.3206e+06 2.8642e+06 3.6570e+06 2.3334e+06 4.2291e+06 2.2986e+06
  11.0000 2.8708e+06 2.1357e+06 3.9754e+06 2.1640e+06 3.9534e+06 2.6690e+06 3.0901e+06 3.1171e+06 2.6801e+06 3.4179e+06 2.1897e+06 3.9534e+06 2.1640e+06
  11.2500 2.6913e+06 2.0121e+06 3.7178e+06 2.0380e+06 3.6978e+06 2.5055e+06 2.8929e+06 2.9273e+06 2.5094e+06 3.1964e+06 2.0561e+06 3.6978e+06 2.0380e+06
  11.5000 2.5245e+06 1.8963e+06 3.4790e+06 1.9202e+06 3.4608e+06 2.3532e+06 2.7101e+06 2.7503e+06 2.3511e+06 2.9911e+06 1.9317e+06 3.4608e+06 1.9202e+06
  11.7500 2.3695e+06 1.7879e+06 3.2575e+06 1.8098e+06 3.2408e+06 2.2114e+06 2.5404e+06 2.5851e+06 2.2043e+06 2.8009e+06 1.8160e+06 3.2408e+06 1.8098e+06
  12.0000 2.2252e+06 1.6865e+06 3.0517e+06 1.7066e+06 3.0366e+06 2.0792e+06 2.3828e+06 2.4311e+06 2.0679e+06 2.6243e+06 1.7081e+06 3.0366e+06 1.7066e+06
  12.2500 2.0907e+06 1.5890e+06 2.8605e+06 1.6075e+06 2.8466e+06 1.9558e+06 2.2362e+06 2.2874e+06 1.9411e+06 2.4602e+06 1.6075e+06 2.8466e+06 1.6101e+06
  12.5000 1.9654e+06 1.4967e+06 2.6827e+06 1.5136e+06 2.6700e+06 1.8406e+06 2.0998e+06 2.1532e+06 1.8232e+06 2.3077e+06 1.5136e+06 2.6700e+06 1.5198e+06
  12.7500 1.8487e+06 1.4105e+06 2.5173e+06 1.4260e+06 2.5057e+06 1.7332e+06 1.9729e+06 2.0279e+06 1.7134e+06 2.1659e+06 1.4260e+06 2.5057e+06 1.4352e+06
  13.0000 1.7398e+06 1.3299e+06 2.3635e+06 1.3441e+06 2.3528e+06 1.6328e+06 1.8547e+06 1.9109e+06 1.6112e+06 2.0340e+06 1.3441e+06 2.3528e+06 1.3560e+06
  13.2500 1.6382e+06 1.2546e+06 2.2203e+06 1.2677e+06 2.2105e+06 1.5390e+06 1.7446e+06 1.8015e+06 1.5160e+06 1.9113e+06 1.2677e+06 2.2105e+06 1.2818e+06
  13.5000 1.5435e+06 1.1843e+06 2.0870e+06 1.1963e+06 2.0779e+06 1.4514e+06 1.6421e+06 1.6992e+06 1.4273e+06 1.7970e+06 1.1963e+06 2.0779e+06 1.2122e+06
  13.7500 1.4550e+06 1.1185e+06 1.9628e+06 1.1295e+06 1.9545e+06 1.3696e+06 1.5465e+06 1.6036e+06 1.3446e+06 1.6907e+06 1.1295e+06 1.9545e+06 1.1469e+06
  14.0000 1.3724e+06 1.0569e+06 1.8472e+06 1.0671e+06 1.8395e+06 1.2930e+06 1.4573e+06 1.5141e+06 1.2675e+06 1.5916e+06 1.0671e+06 1.8395e+06 1.0856e+06
  14.2500 1.2953e+06 9.9935e+05 1.7394e+06 1.0087e+06 1.7324e+06 1.2215e+06 1.3742e+06 1.4303e+06 1.1956e+06 1.4993e+06 1.0087e+06 1.7324e+06 1.0281e+06
  14.5000 1.2233e+06 9.4542e+05 1.6389e+06 9.5406e+05 1.6324e+06 1.1545e+06 1.2965e+06 1.3518e+06 1.1285e+06 1.4133e+06 9.5406e+05 1.6324e+06 9.7407e+05
  14.7500 1.1558e+06 8.9485e+05 1.5451e+06 9.0283e+05 1.5391e+06 1.0918e+06 1.2240e+06 1.2782e+06 1.0657e+06 1.3329e+06 9.0283e+05 1.5391e+06 9.2329e+05
  15.0000 1.0926e+06 8.4739e+05 1.4574e+06 8.5476e+05 1.4518e+06 1.0329e+06 1.1560e+06 1.2092e+06 1.0070e+06 1.2578e+06 8.5476e+05 1.4518e+06 8.7553e+05
  15.2500 1.0334e+06 8.0282e+05 1.3754e+06 8.0963e+05 1.3702e+06 9.7772e+05 1.0924e+06 1.1444e+06 9.5198e+05 1.1875e+06 8.0963e+05 1.3702e+06 8.3060e+05
  15.5000 9.7780e+05 7.6095e+05 1.2986e+06 7.6726e+05 1.2939e+06 9.2589e+05 1.0329e+06 1.0836e+06 9.0044e+05 1.1218e+06 7.6726e+05 1.2939e+06 7.8832e+05
  15.7500 9.2568e+05 7.2160e+05 1.2268e+06 7.2744e+05 1.2224e+06 8.7721e+05 9.7703e+05 1.0265e+06 8.5213e+05 1.0602e+06 7.2744e+05 1.2224e+06 7.4850e+05
  16.0000 8.7677e+05 6.8460e+05 1.1595e+06 6.9002e+05 1.1554e+06 8.3148e+05 9.2468e+05 9.7283e+05 8.0682e+05 1.0026e+06 6.9002e+05 1.1554e+06 7.1100e+05
  16.2500 8.3083e+05 6.4980e+05 1.0965e+06 6.5482e+05 1.0927e+06 7.8850e+05 8.7558e+05 9.2237e+05 7.6431e+05 9.4851e+05 6.5482e+05 1.0927e+06 6.7565e+05
  16.5000 7.8768e+05 6.1706e+05 1.0374e+06 6.2172e+05 1.0338e+06 7.4808e+05 8.2949e+05 8.7491e+05 7.2440e+05 8.9784e+05 6.2172e+05 1.0338e+06 6.4234e+05
  16.7500 7.4713e+05 5.8623e+05 9.8194e+05 5.9056e+05 9.7867e+05 7.1006e+05 7.8621e+05 8.3027e+05 6.8692e+05 8.5031e+05 5.9056e+05 9.7867e+05 6.1092e+05
  17.0000 7.0900e+05 5.5720e+05 9.2994e+05 5.6122e+05 9.2689e+05 6.7429e+05 7.4556e+05 7.8825e+05 6.5170e+05 8.0570e+05 5.6122e+05 9.2689e+05 5.8128e+05
  17.2500 6.7314e+05 5.2984e+05 8.8112e+05 5.3358e+05 8.7829e+05 6.4061e+05 7.0736e+05 7.4868e+05 6.1859e+05 7.6382e+05 5.3358e+05 8.7829e+05 5.5330e+05
  17.5000 6.3939e+05 5.0406e+05 8.3528e+05 5.0754e+05 8.3264e+05 6.0890e+05 6.7144e+05 7.1141e+05 5.8746e+05 7.2447e+05 5.0754e+05 8.3264e+05 5.2689e+05
  17.7500 6.0762e+05 4.7975e+05 7.9220e+05 4.8299e+05 7.8975e+05 5.7902e+05 6.3765e+05 6.7629e+05 5.5816e+05 6.8750e+05 4.8299e+05 7.8975e+05 5.0195e+05
  18.0000 5.7769e+05 4.5680e+05 7.5171e+05 4.5982e+05 7.4942e+05 5.5084e+05 6.0584e+05 6.4317e+05 5.3058e+05 6.5272e+05 4.5982e+05 7.4942e+05 4.7837e+05
  18.2500 5.4947e+05 4.3513e+05 7.1361e+05 4.3795e+05 7.1148e+05 5.2425e+05 5.7587e+05 6.1192e+05 5.0457e+05 6.1999e+05 4.3795e+05 7.1148e+05 4.5606e+05
  18.5000 5.2284e+05 4.1466e+05 6.7776e+05 4.1728e+05 6.7576e+05 4.9915e+05 5.4763e+05 5.8242e+05 4.8005e+05 5.8916e+05 4.1728e+05 6.7576e+05 4.3496e+05
  18.7500 4.9772e+05 3.9530e+05 6.4398e+05 3.9775e+05 6.4212e+05 4.7545e+05 5.2099e+05 5.5456e+05 4.5692e+05 5.6012e+05 3.9775e+05 6.4212e+05 4.1498e+05
  19.0000 4.7399e+05 3.7699e+05 6.1216e+05 3.7928e+05 6.1042e+05 4.5305e+05 4.9585e+05 5.2823e+05 4.3509e+05 5.3274e+05 3.7928e+05 6.1042e+05 3.9607e+05
  19.2500 4.5158e+05 3.5967e+05 5.8216e+05 3.6181e+05 5.8054e+05 4.3187e+05 4.7213e+05 5.0335e+05 4.1447e+05 5.0691e+05 3.6181e+05 5.8054e+05 3.7815e+05
  19.5000 4.3040e+05 3.4328e+05 5.5387e+05 3.4527e+05 5.5234e+05 4.1185e+05 4.4972e+05 4.7982e+05 3.9499e+05 4.8254e+05 3.4527e+05 5.5234e+05 3.6116e+05
  19.7500 4.1037e+05 3.2775e+05 5.2716e+05 3.2962e+05 5.2574e+05 3.9290e+05 4.2855e+05 4.5756e+05 3.7658e+05 4.5954e+05 3.2962e+05 5.2574e+05 3.4506e+05
  20.0000 3.9142e+05 3.1304e+05 5.0195e+05 3.1479e+05 5.0062e+05 3.7496e+05 4.0853e+05 4.3649e+05 3.5917e+05 4.3781e+05 3.1479e+05 5.0062e+05 3.2980e+05
  20.2500 3.7350e+05 2.9910e+05 4.7814e+05 3.0074e+05 4.7689e+05 3.5798e+05 3.8961e+05 4.1654e+05 3.4270e+05 4.1728e+05 3.0074e+05 4.7689e+05 3.1531e+05
  20.5000 3.5652e+05 2.8589e+05 4.5563e+05 2.8742e+05 4.5446e+05 3.4189e+05 3.7170e+05 3.9765e+05 3.2710e+05 3.9786e+05 2.8742e+05 4.5446e+05 3.0156e+05
  20.7500 3.4045e+05 2.7336e+05 4.3436e+05 2.7479e+05 4.3326e+05 3.2665e+05 3.5476e+05 3.7975e+05 3.1234e+05 3.7950e+05 2.7479e+05 4.3326e+05 2.8851e+05
  21.0000 3.2522e+05 2.6146e+05 4.1423e+05 2.6281e+05 4.1320e+05 3.1219e+05 3.3871e+05 3.6278e+05 2.9836e+05 3.6213e+05 2.6281e+05 4.1320e+05 2.7611e+05
  21.2500 3.1078e+05 2.5018e+05 3.9518e+05 2.5144e+05 3.9422e+05 2.9848e+05 3.2351e+05 3.4669e+05 2.8511e+05 3.4569e+05 2.5144e+05 3.9422e+05 2.6434e+05
  21.5000 2.9710e+05 2.3946e+05 3.7715e+05 2.4064e+05 3.7625e+05 2.8548e+05 3.0910e+05 3.3143e+05 2.7255e+05 3.3011e+05 2.4064e+05 3.7625e+05 2.5314e+05
  21.7500 2.8411e+05 2.2928e+05 3.6008e+05 2.3039e+05 3.5923e+05 2.7313e+05 2.9545e+05 3.1695e+05 2.6064e+05 3.1536e+05 2.3039e+05 3.5923e+05 2.4250e+05
  22.0000 2.7179e+05 2.1960e+05 3.4390e+05 2.2064e+05 3.4310e+05 2.6141e+05 2.8250e+05 3.0320e+05 2.4933e+05 3.0138e+05 2.2064e+05 3.4310e+05 2.3238e+05
  22.2500 2.6009e+05 2.1040e+05 3.2857e+05 2.1138e+05 3.2782e+05 2.5027e+05 2.7021e+05 2.9015e+05 2.3860e+05 2.8811e+05 2.1138e+05 3.2782e+05 2.2276e+05
  22.5000 2.4897e+05 2.0165e+05 3.1404e+05 2.0257e+05 3.1333e+05 2.3969e+05 2.5854e+05 2.7775e+05 2.2840e+05 2.7554e+05 2.0257e+05 3.1333e+05 2.1359e+05
  22.7500 2.3841e+05 1.9332e+05 3.0025e+05 1.9419e+05 2.9959e+05 2.2962e+05 2.4746e+05 2.6596e+05 2.1872e+05 2.6360e+05 1.9419e+05 2.9959e+05 2.0486e+05
  23.0000 2.2837e+05 1.8540e+05 2.8717e+05 1.8621e+05 2.8655e+05 2.2005e+05 2.3693e+05 2.5476e+05 2.0951e+05 2.5226e+05 1.8621e+05 2.8655e+05 1.9655e+05
  23.2500 2.1883e+05 1.7785e+05 2.7476e+05 1.7862e+05 2.7417e+05 2.1094e+05 2.2692e+05 2.4410e+05 2.0076e+05 2.4150e+05 1.7862e+05 2.7417e+05 1.8863e+05
  23.5000 2.0974e+05 1.7066e+05 2.6297e+05 1.7138e+05 2.6241e+05 2.0227e+05 2.1741e+05 2.3396e+05 1.9243e+05 2.3126e+05 1.7138e+05 2.6241e+05 1.8108e+05
  23.7500 2.0110e+05 1.6381e+05 2.5177e+05 1.6449e+05 2.5124e+05 1.9402e+05 2.0836e+05 2.2430e+05 1.8451e+05 2.2154e+05 1.6449e+05 2.5124e+05 1.7388e+05
  24.0000 1.9287e+05 1.5728e+05 2.4112e+05 1.5792e+05 2.4063e+05 1.8616e+05 1.9975e+05 2.1511e+05 1.7697e+05 2.1229e+05 1.5792e+05 2.4063e+05 1.6701e+05
  24.2500 1.8504e+05 1.5105e+05 2.3100e+05 1.5165e+05 2.3053e+05 1.7867e+05 1.9156e+05 2.0636e+05 1.6979e+05 2.0350e+05 1.5165e+05 2.3053e+05 1.6046e+05
  24.5000 1.7757e+05 1.4511e+05 2.2137e+05 1.4568e+05 2.2093e+05 1.7153e+05 1.8375e+05 1.9802e+05 1.6294e+05 1.9512e+05 1.4568e+05 2.2093e+05 1.5420e+05
  24.7500 1.7046e+05 1.3944e+05 2.1221e+05 1.3998e+05 2.1180e+05 1.6472e+05 1.7632e+05 1.9007e+05 1.5642e+05 1.8715e+05 1.3998e+05 2.1180e+05 1.4823e+05
  25.0000 1.6368e+05 1.3404e+05 2.0349e+05 1.3454e+05 2.0310e+05 1.5823e+05 1.6924e+05 1.8249e+05 1.5021e+05 1.7956e+05 1.3454e+05 2.0310e+05 1.4253e+05
  25.2500 1.5721e+05 1.2887e+05 1.9519e+05 1.2935e+05 1.9482e+05 1.5203e+05 1.6249e+05 1.7526e+05 1.4428e+05 1.7233e+05 1.2935e+05 1.9482e+05 1.3709e+05
  25.5000 1.5104e+05 1.2394e+05 1.8728e+05 1.2439e+05 1.8693e+05 1.4612e+05 1.5605e+05 1.6837e+05 1.3863e+05 1.6544e+05 1.2439e+05 1.8693e+05 1.3188e+05
  25.7500 1.4515e+05 1.1923e+05 1.7975e+05 1.1965e+05 1.7942e+05 1.4048e+05 1.4992e+05 1.6179e+05 1.3324e+05 1.5887e+05 1.1965e+05 1.7942e+05 1.2691e+05
  26.0000 1.3953e+05 1.1473e+05 1.7257e+05 1.1513e+05 1.7225e+05 1.3509e+05 1.4406e+05 1.5551e+05 1.2809e+05 1.5260e+05 1.1513e+05 1.7225e+05 1.2216e+05
  26.2500 1.3417e+05 1.1042e+05 1.6572e+05 1.1080e+05 1.6542e+05 1.2994e+05 1.3847e+05 1.4951e+05 1.2317e+05 1.4663e+05 1.1080e+05 1.6542e+05 1.1761e+05
  26.5000 1.2904e+05 1.0631e+05 1.5919e+05 1.0667e+05 1.5891e+05 1.2502e+05 1.3313e+05 1.4378e+05 1.1848e+05 1.4092e+05 1.0667e+05 1.5891e+05 1.1326e+05
  26.7500 1.2414e+05 1.0237e+05 1.5295e+05 1.0271e+05 1.5269e+05 1.2032e+05 1.2804e+05 1.3831e+05 1.1399e+05 1.3548e+05 1.0271e+05 1.5269e+05 1.0910e+05
  27.0000 1.1947e+05 9.8608e+04 1.4700e+05 9.8928e+04 1.4676e+05 1.1582e+05 1.2317e+05 1.3308e+05 1.0970e+05 1.3028e+05 9.8928e+04 1.4676e+05 1.0511e+05
  27.2500 1.1499e+05 9.5005e+04 1.4133e+05 9.5308e+04 1.4109e+05 1.1153e+05 1.1852e+05 1.2808e+05 1.0560e+05 1.2531e+05 9.5308e+04 1.4109e+05 1.0130e+05
  27.5000 1.1072e+05 9.1555e+04 1.3591e+05 9.1842e+04 1.3568e+05 1.0741e+05 1.1407e+05 1.2330e+05 1.0169e+05 1.2057e+05 9.1842e+04 1.3568e+05 9.7644e+04
  27.7500 1.0663e+05 8.8252e+04 1.3073e+05 8.8524e+04 1.3051e+05 1.0348e+05 1.0982e+05 1.1872e+05 9.7937e+04 1.1603e+05 8.8524e+04 1.3051e+05 9.4144e+04
  28.0000 1.0271e+05 8.5088e+04 1.2578e+05 8.5345e+04 1.2558e+05 9.9712e+04 1.0575e+05 1.1435e+05 9.4350e+04 1.1170e+05 8.5345e+04 1.2558e+05 9.0791e+04
  28.2500 9.8965e+04 8.2057e+04 1.2105e+05 8.2300e+04 1.2086e+05 9.6106e+04 1.0186e+05 1.1016e+05 9.0916e+04 1.0755e+05 8.2300e+04 1.2086e+05 8.7577e+04
  28.5000 9.5378e+04 7.9151e+04 1.1653e+05 7.9382e+04 1.1635e+05 9.2652e+04 9.8142e+04 1.0615e+05 8.7629e+04 1.0359e+05 7.9382e+04 1.1635e+05 8.4495e+04
  28.7500 9.1943e+04 7.6366e+04 1.1220e+05 7.6585e+04 1.1203e+05 8.9342e+04 9.4578e+04 1.0231e+05 8.4480e+04 9.9792e+04 7.6585e+04 1.1203e+05 8.1540e+04
  29.0000 8.8653e+04 7.3695e+04 1.0807e+05 7.3903e+04 1.0790e+05 8.6171e+04 9.1166e+04 9.8637e+04 8.1464e+04 9.6160e+04 7.3903e+04 1.0790e+05 7.8705e+04
  29.2500 8.5500e+04 7.1134e+04 1.0411e+05 7.1330e+04 1.0395e+05 8.3132e+04 8.7898e+04 9.5115e+04 7.8574e+04 9.2683e+04 7.1330e+04 1.0395e+05 7.5985e+04
  29.5000 8.2478e+04 6.8676e+04 1.0032e+05 6.8863e+04 1.0017e+05 8.0217e+04 8.4767e+04 9.1739e+04 7.5804e+04 8.9353e+04 6.8863e+04 1.0017e+05 7.3375e+04
  29.7500 7.9581e+04 6.6318e+04 9.6690e+04 6.6495e+04 9.6550e+04 7.7422e+04 8.1766e+04 8.8502e+04 7.3148e+04 8.6163e+04 6.6495e+04 9.6550e+04 7.0869e+04
  30.0000 7.6803e+04 6.4054e+04 9.3215e+04 6.4222e+04 9.3082e+04 7.4740e+04 7.8889e+04 8.5399e+04 7.0600e+04 8.3106e+04 6.4222e+04 9.3082e+04 6.8462e+04
  30.2500 7.4138e+04 6.1881e+04 8.9886e+04 6.2040e+04 8.9760e+04 7.2167e+04 7.6131e+04 8.2422e+04 6.8156e+04 8.0176e+04 6.2040e+04 8.9760e+04 6.6152e+04
  30.5000 7.1581e+04 5.9793e+04 8.6696e+04 5.9945e+04 8.6576e+04 6.9697e+04 7.3485e+04 7.9566e+04 6.5811e+04 7.7367e+04 5.9945e+04 8.6576e+04 6.3931e+04
  30.7500 6.9127e+04 5.7788e+04 8.3638e+04 5.7932e+04 8.3524e+04 6.7326e+04 7.0947e+04 7.6824e+04 6.3561e+04 7.4673e+04 5.7932e+04 8.3524e+04 6.1798e+04
  31.0000 6.6772e+04 5.5861e+04 8.0707e+04 5.5998e+04 8.0598e+04 6.5048e+04 6.8511e+04 7.4193e+04 6.1400e+04 7.2088e+04 5.5998e+04 8.0598e+04 5.9748e+04
  31.2500 6.4510e+04 5.4010e+04 7.7895e+04 5.4140e+04 7.7792e+04 6.2861e+04 6.6173e+04 7.1667e+04 5.9325e+04 6.9608e+04 5.4140e+04 7.7792e+04 5.7777e+04
  31.5000 6.2337e+04 5.2230e+04 7.5198e+04 5.2354e+04 7.5099e+04 6.0760e+04 6.3928e+04 6.9240e+04 5.7332e+04 6.7228e+04 5.2354e+04 7.5099e+04 5.5882e+04
  31.7500 6.0250e+04 5.0519e+04 7.2610e+04 5.0637e+04 7.2516e+04 5.8740e+04 6.1772e+04 6.6910e+04 5.5417e+04 6.4943e+04 5.0637e+04 7.2516e+04 5.4059e+04
  32.0000 5.8244e+04 4.8873e+04 7.0126e+04 4.8985e+04 7.0037e+04 5.6799e+04 5.9701e+04 6.4670e+04 5.3577e+04 6.2749e+04 4.8985e+04 7.0037e+04 5.2306e+04
  32.2500 5.6317e+04 4.7290e+04 6.7742e+04 4.7397e+04 6.7656e+04 5.4932e+04 5.7711e+04 6.2517e+04 5.1808e+04 6.0642e+04 4.7397e+04 6.7656e+04 5.0619e+04
  32.5000 5.4464e+04 4.5767e+04 6.5452e+04 4.5868e+04 6.5371e+04 5.3137e+04 5.5799e+04 6.0448e+04 5.0107e+04 5.8617e+04 4.5868e+04 6.5371e+04 4.8996e+04
  32.7500 5.2682e+04 4.4301e+04 6.3253e+04 4.4398e+04 6.3176e+04 5.1411e+04 5.3960e+04 5.8458e+04 4.8471e+04 5.6671e+04 4.4398e+04 6.3176e+04 4.7433e+04
  33.0000 5.0968e+04 4.2890e+04 6.1140e+04 4.2983e+04 6.1066e+04 4.9749e+04 5.2193e+04 5.6544e+04 4.6898e+04 5.4801e+04 4.2983e+04 6.1066e+04 4.5929e+04
  33.2500 4.9320e+04 4.1532e+04 5.9110e+04 4.1620e+04 5.9040e+04 4.8151e+04 5.0493e+04 5.4703e+04 4.5385e+04 5.3003e+04 4.1620e+04 5.9040e+04 4.4480e+04
  33.5000 4.7734e+04 4.0224e+04 5.7159e+04 4.0308e+04 5.7092e+04 4.6613e+04 4.8858e+04 5.2932e+04 4.3928e+04 5.1274e+04 4.0308e+04 5.7092e+04 4.3085e+04
  33.7500 4.6207e+04 3.8964e+04 5.5283e+04 3.9045e+04 5.5218e+04 4.5132e+04 4.7286e+04 5.1229e+04 4.2527e+04 4.9611e+04 3.9045e+04 5.5218e+04 4.1741e+04
  34.0000 4.4738e+04 3.7751e+04 5.3479e+04 3.7827e+04 5.3418e+04 4.3706e+04 4.5772e+04 4.9590e+04 4.1178e+04 4.8011e+04 3.7827e+04 5.3418e+04 4.0446e+04
  34.2500 4.3324e+04 3.6582e+04 5.1744e+04 3.6655e+04 5.1685e+04 4.2334e+04 4.4316e+04 4.8012e+04 3.9879e+04 4.6472e+04 3.6655e+04 5.1685e+04 3.9198e+04
  34.5000 4.1962e+04 3.5455e+04 5.0074e+04 3.5524e+04 5.0018e+04 4.1011e+04 4.2913e+04 4.6493e+04 3.8628e+04 4.4990e+04 3.5524e+04 5.0018e+04 3.7994e+04
  34.7500 4.0650e+04 3.4368e+04 4.8468e+04 3.4435e+04 4.8415e+04 3.9737e+04 4.1563e+04 4.5030e+04 3.7423e+04 4.3564e+04 3.4435e+04 4.8415e+04 3.6834e+04
  35.0000 3.9386e+04 3.3321e+04 4.6922e+04 3.3385e+04 4.6871e+04 3.8510e+04 4.0263e+04 4.3621e+04 3.6262e+04 4.2190e+04 3.3385e+04 4.6871e+04 3.5716e+04
  35.2500 3.8169e+04 3.2311e+04 4.5434e+04 3.2372e+04 4.5385e+04 3.7326e+04 3.9010e+04 4.2263e+04 3.5143e+04 4.0868e+04 3.2372e+04 4.5385e+04 3.4637e+04
  35.5000 3.6995e+04 3.1337e+04 4.4001e+04 3.1395e+04 4.3954e+04 3.6186e+04 3.7803e+04 4.0955e+04 3.4065e+04 3.9593e+04 3.1395e+04 4.3954e+04 3.3596e+04
  35.7500 3.5864e+04 3.0397e+04 4.2620e+04 3.0453e+04 4.2576e+04 3.5086e+04 3.6640e+04 3.9694e+04 3.3025e+04 3.8366e+04 3.0453e+04 4.2576e+04 3.2592e+04
  36.0000 3.4773e+04 2.9490e+04 4.1291e+04 2.9544e+04 4.1248e+04 3.4025e+04 3.5518e+04 3.8479e+04 3.2023e+04 3.7183e+04 2.9544e+04 4.1248e+04 3.1622e+04
  36.2500 3.3721e+04 2.8615e+04 4.0010e+04 2.8666e+04 3.9969e+04 3.3002e+04 3.4437e+04 3.7307e+04 3.1056e+04 3.6042e+04 2.8666e+04 3.9969e+04 3.0687e+04
  36.5000 3.2706e+04 2.7770e+04 3.8775e+04 2.7819e+04 3.8736e+04 3.2014e+04 3.3395e+04 3.6177e+04 3.0123e+04 3.4943e+04 2.7819e+04 3.8736e+04 2.9784e+04
  36.7500 3.1727e+04 2.6955e+04 3.7585e+04 2.7001e+04 3.7548e+04 3.1062e+04 3.2389e+04 3.5087e+04 2.9223e+04 3.3883e+04 2.7001e+04 3.7548e+04 2.8912e+04
  37.0000 3.0782e+04 2.6167e+04 3.6438e+04 2.6212e+04 3.6402e+04 3.0142e+04 3.1419e+04 3.4036e+04 2.8355e+04 3.2860e+04 2.6212e+04 3.6402e+04 2.8069e+04
  37.2500 2.9870e+04 2.5406e+04 3.5331e+04 2.5449e+04 3.5297e+04 2.9254e+04 3.0483e+04 3.3021e+04 2.7516e+04 3.1874e+04 2.5449e+04 3.5297e+04 2.7255e+04
  37.5000 2.8990e+04 2.4671e+04 3.4265e+04 2.4712e+04 3.4232e+04 2.8397e+04 2.9579e+04 3.2041e+04 2.6707e+04 3.0922e+04 2.4712e+04 3.4232e+04 2.6469e+04
  37.7500 2.8140e+04 2.3961e+04 3.3235e+04 2.4000e+04 3.3204e+04 2.7569e+04 2.8707e+04 3.1096e+04 2.5926e+04 3.0004e+04 2.4000e+04 3.3204e+04 2.5710e+04
  38.0000 2.7320e+04 2.3275e+04 3.2242e+04 2.3313e+04 3.2212e+04 2.6770e+04 2.7865e+04 3.0183e+04 2.5171e+04 2.9117e+04 2.3313e+04 3.2212e+04 2.4975e+04
  38.2500 2.6527e+04 2.2612e+04 3.1284e+04 2.2648e+04 3.1255e+04 2.5997e+04 2.7052e+04 2.9302e+04 2.4442e+04 2.8261e+04 2.2648e+04 3.1255e+04 2.4266e+04
  38.5000 2.5761e+04 2.1971e+04 3.0359e+04 2.2005e+04 3.0331e+04 2.5251e+04 2.6267e+04 2.8450e+04 2.3737e+04 2.7435e+04 2.2005e+04 3.0331e+04 2.3580e+04
  38.7500 2.5021e+04 2.1351e+04 2.9466e+04 2.1384e+04 2.9439e+04 2.4530e+04 2.5508e+04 2.7628e+04 2.3057e+04 2.6637e+04 2.1384e+04 2.9439e+04 2.2916e+04
  39.0000 2.4306e+04 2.0752e+04 2.8604e+04 2.0783e+04 2.8578e+04 2.3832e+04 2.4775e+04 2.6833e+04 2.2399e+04 2.5866e+04 2.0783e+04 2.8578e+04 2.2274e+04
  39.2500 2.3614e+04 2.0172e+04 2.7771e+04 2.0202e+04 2.7746e+04 2.3158e+04 2.4066e+04 2.6066e+04 2.1763e+04 2.5121e+04 2.0202e+04 2.7746e+04 2.1654e+04
  39.5000 2.2946e+04 1.9611e+04 2.6967e+04 1.9640e+04 2.6943e+04 2.2506e+04 2.3382e+04 2.5323e+04 2.1148e+04 2.4401e+04 1.9640e+04 2.6943e+04 2.1053e+04
  39.7500 2.2300e+04 1.9069e+04 2.6190e+04 1.9097e+04 2.6167e+04 2.1876e+04 2.2720e+04 2.4606e+04 2.0554e+04 2.3706e+04 1.9097e+04 2.6167e+04 2.0472e+04
  40.0000 2.1675e+04 1.8544e+04 2.5439e+04 1.8570e+04 2.5417e+04 2.1266e+04 2.2080e+04 2.3912e+04 1.9978e+04 2.3033e+04 1.8570e+04 2.5417e+04 1.9910e+04
  40.2500 2.1071e+04 1.8035e+04 2.4713e+04 1.8061e+04 2.4692e+04 2.0676e+04 2.1461e+04 2.3241e+04 1.9422e+04 2.2384e+04 1.8061e+04 2.4692e+04 1.9365e+04
  40.5000 2.0486e+04 1.7544e+04 2.4012e+04 1.7568e+04 2.3992e+04 2.0106e+04 2.0862e+04 2.2592e+04 1.8884e+04 2.1755e+04 1.7568e+04 2.3992e+04 1.8838e+04
  40.7500 1.9920e+04 1.7067e+04 2.3334e+04 1.7091e+04 2.3315e+04 1.9553e+04 2.0283e+04 2.1965e+04 1.8363e+04 2.1147e+04 1.7091e+04 2.3315e+04 1.8328e+04
  41.0000 1.9373e+04 1.6606e+04 2.2678e+04 1.6629e+04 2.2660e+04 1.9019e+04 1.9723e+04 2.1357e+04 1.7860e+04 2.0559e+04 1.6629e+04 2.2660e+04 1.7834e+04
  41.2500 1.8843e+04 1.6160e+04 2.2044e+04 1.6182e+04 2.2027e+04 1.8501e+04 1.9181e+04 2.0770e+04 1.7372e+04 1.9991e+04 1.6182e+04 2.2027e+04 1.7356e+04
  41.5000 1.8330e+04 1.5728e+04 2.1431e+04 1.5749e+04 2.1414e+04 1.8000e+04 1.8656e+04 2.0201e+04 1.6900e+04 1.9440e+04 1.5749e+04 2.1414e+04 1.6893e+04
  41.7500 1.7834e+04 1.5309e+04 2.0838e+04 1.5329e+04 2.0821e+04 1.7515e+04 1.8148e+04 1.9650e+04 1.6443e+04 1.8908e+04 1.5329e+04 2.0821e+04 1.6444e+04
  42.0000 1.7353e+04 1.4903e+04 2.0264e+04 1.4923e+04 2.0248e+04 1.7045e+04 1.7657e+04 1.9117e+04 1.6000e+04 1.8392e+04 1.4923e+04 2.0248e+04 1.6009e+04
  42.2500 1.6888e+04 1.4510e+04 1.9708e+04 1.4529e+04 1.9693e+04 1.6590e+04 1.7181e+04 1.8601e+04 1.5572e+04 1.7893e+04 1.4529e+04 1.9693e+04 1.5588e+04
  42.5000 1.6437e+04 1.4129e+04 1.9170e+04 1.4147e+04 1.9155e+04 1.6149e+04 1.6720e+04 1.8102e+04 1.5157e+04 1.7410e+04 1.4147e+04 1.9155e+04 1.5180e+04
  42.7500 1.6000e+04 1.3760e+04 1.8650e+04 1.3777e+04 1.8635e+04 1.5722e+04 1.6273e+04 1.7618e+04 1.4755e+04 1.6942e+04 1.3777e+04 1.8635e+04 1.4784e+04
  43.0000 1.5577e+04 1.3402e+04 1.8145e+04 1.3419e+04 1.8132e+04 1.5308e+04 1.5841e+04 1.7148e+04 1.4365e+04 1.6489e+04 1.3419e+04 1.8132e+04 1.4400e+04
  43.2500 1.5167e+04 1.3055e+04 1.7657e+04 1.3071e+04 1.7644e+04 1.4907e+04 1.5422e+04 1.6694e+04 1.3988e+04 1.6050e+04 1.3071e+04 1.7644e+04 1.4028e+04
  43.5000 1.4769e+04 1.2719e+04 1.7185e+04 1.2734e+04 1.7172e+04 1.4519e+04 1.5016e+04 1.6254e+04 1.3622e+04 1.5625e+04 1.2734e+04 1.7172e+04 1.3667e+04
  43.7500 1.4384e+04 1.2392e+04 1.6727e+04 1.2407e+04 1.6714e+04 1.4142e+04 1.4623e+04 1.5827e+04 1.3267e+04 1.5213e+04 1.2407e+04 1.6714e+04 1.3317e+04
  44.0000 1.4010e+04 1.2076e+04 1.6283e+04 1.2090e+04 1.6271e+04 1.3776e+04 1.4241e+04 1.5414e+04 1.2923e+04 1.4814e+04 1.2090e+04 1.6271e+04 1.2978e+04
  44.2500 1.3648e+04 1.1769e+04 1.5853e+04 1.1782e+04 1.5842e+04 1.3422e+04 1.3872e+04 1.5013e+04 1.2590e+04 1.4427e+04 1.1782e+04 1.5842e+04 1.2648e+04
  44.5000 1.3297e+04 1.1471e+04 1.5437e+04 1.1484e+04 1.5426e+04 1.3078e+04 1.3513e+04 1.4624e+04 1.2267e+04 1.4052e+04 1.1484e+04 1.5426e+04 1.2329e+04
  44.7500 1.2957e+04 1.1182e+04 1.5033e+04 1.1195e+04 1.5022e+04 1.2745e+04 1.3166e+04 1.4247e+04 1.1953e+04 1.3688e+04 1.1195e+04 1.5022e+04 1.2019e+04
  45.0000 1.2626e+04 1.0901e+04 1.4642e+04 1.0914e+04 1.4631e+04 1.2421e+04 1.2829e+04 1.3881e+04 1.1649e+04 1.3335e+04 1.0914e+04 1.4631e+04 1.1718e+04
  45.2500 1.2306e+04 1.0629e+04 1.4262e+04 1.0641e+04 1.4252e+04 1.2107e+04 1.2502e+04 1.3527e+04 1.1354e+04 1.2993e+04 1.0641e+04 1.4252e+04 1.1426e+04
  45.5000 1.1995e+04 1.0365e+04 1.3894e+04 1.0376e+04 1.3885e+04 1.1803e+04 1.2184e+04 1.3182e+04 1.1067e+04 1.2661e+04 1.0376e+04 1.3885e+04 1.1142e+04
  45.7500 1.1693e+04 1.0108e+04 1.3538e+04 1.0119e+04 1.3528e+04 1.1507e+04 1.1877e+04 1.2849e+04 1.0790e+04 1.2339e+04 1.0119e+04 1.3528e+04 1.0867e+04
  46.0000 1.1400e+04 9.8588e+03 1.3192e+04 9.8694e+03 1.3183e+04 1.1220e+04 1.1578e+04 1.2525e+04 1.0520e+04 1.2027e+04 9.8694e+03 1.3183e+04 1.0599e+04
  46.2500 1.1116e+04 9.6168e+03 1.2856e+04 9.6270e+03 1.2847e+04 1.0942e+04 1.1288e+04 1.2210e+04 1.0258e+04 1.1724e+04 9.6270e+03 1.2847e+04 1.0340e+04
  46.5000 1.0840e+04 9.3817e+03 1.2530e+04 9.3916e+03 1.2522e+04 1.0671e+04 1.1007e+04 1.1905e+04 1.0004e+04 1.1430e+04 9.3916e+03 1.2522e+04 1.0087e+04
  46.7500 1.0572e+04 9.1534e+03 1.2214e+04 9.1629e+03 1.2206e+04 1.0408e+04 1.0734e+04 1.1609e+04 9.7571e+03 1.1145e+04 9.1629e+03 1.2206e+04 9.8422e+03
  47.0000 1.0312e+04 8.9315e+03 1.1908e+04 8.9407e+03 1.1900e+04 1.0153e+04 1.0468e+04 1.1321e+04 9.5175e+03 1.0868e+04 8.9407e+03 1.1900e+04 9.6041e+03
  47.2500 1.0060e+04 8.7160e+03 1.1610e+04 8.7248e+03 1.1603e+04 9.9057e+03 1.0211e+04 1.1042e+04 9.2847e+03 1.0599e+04 8.7248e+03 1.1603e+04 9.3727e+03
  47.5000 9.8142e+03 8.5065e+03 1.1322e+04 8.5150e+03 1.1314e+04 9.6650e+03 9.9610e+03 1.0771e+04 9.0587e+03 1.0338e+04 8.5150e+03 1.1314e+04 9.1479e+03
  47.7500 9.5758e+03 8.3029e+03 1.1041e+04 8.3112e+03 1.1034e+04 9.4312e+03 9.7181e+03 1.0507e+04 8.8390e+03 1.0084e+04 8.3112e+03 1.1034e+04 8.9293e+03
  48.0000 9.3442e+03 8.1050e+03 1.0769e+04 8.1130e+03 1.0762e+04 9.2040e+03 9.4821e+03 1.0251e+04 8.6256e+03 9.8377e+03 8.1130e+03 1.0762e+04 8.7169e+03
  48.2500 9.1191e+03 7.9127e+03 1.0505e+04 7.9203e+03 1.0498e+04 8.9832e+03 9.2529e+03 1.0003e+04 8.4183e+03 9.5984e+03 7.9203e+03 1.0498e+04 8.5103e+03
  48.5000 8.9004e+03 7.7256e+03 1.0248e+04 7.7330e+03 1.0242e+04 8.7686e+03 9.0302e+03 9.7612e+03 8.2168e+03 9.3660e+03 7.7330e+03 1.0242e+04 8.3095e+03
  48.7500 8.6879e+03 7.5437e+03 9.9991e+03 7.5509e+03 9.9931e+03 8.5600e+03 8.8138e+03 9.5265e+03 8.0209e+03 9.1402e+03 7.5509e+03 9.9931e+03 8.1142e+03
  49.0000 8.4813e+03 7.3669e+03 9.7570e+03 7.3738e+03 9.7512e+03 8.3572e+03 8.6034e+03 9.2984e+03 7.8305e+03 8.9207e+03 7.3738e+03 9.7512e+03 7.9242e+03
  49.2500 8.2804e+03 7.1949e+03 9.5218e+03 7.2016e+03 9.5162e+03 8.1600e+03 8.3989e+03 9.0766e+03 7.6454e+03 8.7075e+03 7.2016e+03 9.5162e+03 7.7395e+03
  49.5000 8.0851e+03 7.0275e+03 9.2933e+03 7.0340e+03 9.2879e+03 7.9683e+03 8.2001e+03 8.8611e+03 7.4655e+03 8.5002e+03 7.0340e+03 9.2879e+03 7.5598e+03
  49.7500 7.8953e+03 6.8648e+03 9.0713e+03 6.8710e+03 9.0660e+03 7.7819e+03 8.0069e+03 8.6515e+03 7.2904e+03 8.2987e+03 6.8710e+03 9.0660e+03 7.3850e+03
  50.0000 7.7106e+03 6.7064e+03 8.8555e+03 6.7124e+03 8.8504e+03 7.6005e+03 7.8189e+03 8.4478e+03 7.1202e+03 8.1029e+03 6.7124e+03 8.8504e+03 7.2149e+03
  50.2500 7.5310e+03 6.5523e+03 8.6457e+03 6.5581e+03 8.6408e+03 7.4241e+03 7.6362e+03 8.2496e+03 6.9547e+03 7.9124e+03 6.5581e+03 8.6408e+03 7.0494e+03
  50.5000 7.3563e+03 6.4024e+03 8.4417e+03 6.4080e+03 8.4369e+03 7.2526e+03 7.4584e+03 8.0569e+03 6.7937e+03 7.7271e+03 6.4080e+03 8.4369e+03 6.8883e+03
  50.7500 7.1864e+03 6.2564e+03 8.2434e+03 6.2619e+03 8.2387e+03 7.0856e+03 7.2856e+03 7.8695e+03 6.6370e+03 7.5470e+03 6.2619e+03 8.2387e+03 6.7316e+03
  51.0000 7.0210e+03 6.1144e+03 8.0504e+03 6.1197e+03 8.0459e+03 6.9231e+03 7.1174e+03 7.6872e+03 6.4846e+03 7.3717e+03 6.1197e+03 8.0459e+03 6.5790e+03
  51.2500 6.8601e+03 5.9762e+03 7.8628e+03 5.9813e+03 7.8584e+03 6.7651e+03 6.9537e+03 7.5098e+03 6.3362e+03 7.2012e+03 5.9813e+03 7.8584e+03 6.4305e+03
  51.5000 6.7036e+03 5.8416e+03 7.6802e+03 5.8466e+03 7.6760e+03 6.6112e+03 6.7945e+03 7.3372e+03 6.1919e+03 7.0354e+03 5.8466e+03 7.6760e+03 6.2859e+03
  51.7500 6.5512e+03 5.7106e+03 7.5026e+03 5.7154e+03 7.4985e+03 6.4614e+03 6.6395e+03 7.1692e+03 6.0513e+03 6.8740e+03 5.7154e+03 7.4985e+03 6.1452e+03
  52.0000 6.4029e+03 5.5830e+03 7.3298e+03 5.5877e+03 7.3259e+03 6.3156e+03 6.4887e+03 7.0058e+03 5.9146e+03 6.7169e+03 5.5877e+03 7.3259e+03 6.0081e+03
  52.2500 6.2585e+03 5.4588e+03 7.1617e+03 5.4633e+03 7.1578e+03 6.1737e+03 6.3419e+03 6.8467e+03 5.7814e+03 6.5640e+03 5.4633e+03 7.1578e+03 5.8746e+03
  52.5000 6.1179e+03 5.3378e+03 6.9980e+03 5.3422e+03 6.9943e+03 6.0355e+03 6.1990e+03 6.6919e+03 5.6518e+03 6.4152e+03 5.3422e+03 6.9943e+03 5.7446e+03
  52.7500 5.9810e+03 5.2200e+03 6.8387e+03 5.2242e+03 6.8351e+03 5.9009e+03 6.0598e+03 6.5411e+03 5.5255e+03 6.2703e+03 5.2242e+03 6.8351e+03 5.6180e+03
  53.0000 5.8477e+03 5.1052e+03 6.6837e+03 5.1093e+03 6.6802e+03 5.7698e+03 5.9243e+03 6.3944e+03 5.4026e+03 6.1293e+03 5.1093e+03 6.6802e+03 5.4946e+03
  53.2500 5.7179e+03 4.9934e+03 6.5328e+03 4.9973e+03 6.5293e+03 5.6421e+03 5.7924e+03 6.2514e+03 5.2828e+03 5.9920e+03 4.9973e+03 6.5293e+03 5.3744e+03
  53.5000 5.5914e+03 4.8844e+03 6.3858e+03 4.8882e+03 6.3825e+03 5.5178e+03 5.6639e+03 6.1123e+03 5.1662e+03 5.8583e+03 4.8882e+03 6.3825e+03 5.2573e+03
  53.7500 5.4683e+03 4.7782e+03 6.2427e+03 4.7819e+03 6.2395e+03 5.3966e+03 5.5388e+03 5.9767e+03 5.0526e+03 5.7280e+03 4.7819e+03 6.2395e+03 5.1432e+03
  54.0000 5.3483e+03 4.6747e+03 6.1034e+03 4.6784e+03 6.1002e+03 5.2786e+03 5.4169e+03 5.8447e+03 4.9419e+03 5.6012e+03 4.6784e+03 6.1002e+03 5.0320e+03
  54.2500 5.2314e+03 4.5739e+03 5.9677e+03 4.5774e+03 5.9646e+03 5.1636e+03 5.2981e+03 5.7161e+03 4.8340e+03 5.4776e+03 4.5774e+03 5.9646e+03 4.9236e+03
  54.5000 5.1175e+03 4.4756e+03 5.8355e+03 4.4790e+03 5.8326e+03 5.0515e+03 5.1824e+03 5.5908e+03 4.7289e+03 5.3573e+03 4.4790e+03 5.8326e+03 4.8179e+03
  54.7500 5.0065e+03 4.3798e+03 5.7067e+03 4.3831e+03 5.7039e+03 4.9422e+03 5.0696e+03 5.4688e+03 4.6265e+03 5.2400e+03 4.3831e+03 5.7039e+03 4.7149e+03
  55.0000 4.8983e+03 4.2863e+03 5.5813e+03 4.2896e+03 5.5785e+03 4.8358e+03 4.9598e+03 5.3498e+03 4.5267e+03 5.1258e+03 4.2896e+03 5.5785e+03 4.6145e+03
  55.2500 4.7928e+03 4.1953e+03 5.4591e+03 4.1984e+03 5.4564e+03 4.7320e+03 4.8527e+03 5.2339e+03 4.4294e+03 5.0144e+03 4.1984e+03 5.4564e+03 4.5166e+03
  55.5000 4.6901e+03 4.1064e+03 5.3400e+03 4.1095e+03 5.3374e+03 4.6308e+03 4.7483e+03 5.1209e+03 4.3345e+03 4.9059e+03 4.1095e+03 5.3374e+03 4.4211e+03
  55.7500 4.5898e+03 4.0198e+03 5.2240e+03 4.0228e+03 5.2214e+03 4.5322e+03 4.6466e+03 5.0108e+03 4.2420e+03 4.8002e+03 4.0228e+03 5.2214e+03 4.3279e+03
  56.0000 4.4921e+03 3.9354e+03 5.1109e+03 3.9382e+03 5.1084e+03 4.4360e+03 4.5474e+03 4.9035e+03 4.1518e+03 4.6971e+03 3.9382e+03 5.1084e+03 4.2371e+03
  56.2500 4.3969e+03 3.8530e+03 5.0007e+03 3.8557e+03 4.9983e+03 4.3422e+03 4.4506e+03 4.7989e+03 4.0639e+03 4.5966e+03 3.8557e+03 4.9983e+03 4.1485e+03
  56.5000 4.3040e+03 3.7726e+03 4.8933e+03 3.7753e+03 4.8909e+03 4.2507e+03 4.3564e+03 4.6969e+03 3.9782e+03 4.4986e+03 3.7753e+03 4.8909e+03 4.0621e+03
  56.7500 4.2134e+03 3.6942e+03 4.7885e+03 3.6968e+03 4.7863e+03 4.1615e+03 4.2644e+03 4.5974e+03 3.8945e+03 4.4031e+03 3.6968e+03 4.7863e+03 3.9778e+03
  57.0000 4.1250e+03 3.6177e+03 4.6864e+03 3.6202e+03 4.6842e+03 4.0745e+03 4.1747e+03 4.5004e+03 3.8129e+03 4.3100e+03 3.6202e+03 4.6842e+03 3.8955e+03
  57.2500 4.0388e+03 3.5430e+03 4.5869e+03 3.5455e+03 4.5848e+03 3.9896e+03 4.0872e+03 4.4058e+03 3.7334e+03 4.2192e+03 3.5455e+03 4.5848e+03 3.8152e+03
  57.5000 3.9547e+03 3.4702e+03 4.4898e+03 3.4726e+03 4.4878e+03 3.9068e+03 4.0019e+03 4.3135e+03 3.6557e+03 4.1306e+03 3.4726e+03 4.4878e+03 3.7369e+03
  57.7500 3.8727e+03 3.3991e+03 4.3952e+03 3.4014e+03 4.3931e+03 3.8259e+03 3.9187e+03 4.2235e+03 3.5800e+03 4.0442e+03 3.4014e+03 4.3931e+03 3.6605e+03
  58.0000 3.7927e+03 3.3297e+03 4.3028e+03 3.3320e+03 4.3009e+03 3.7471e+03 3.8374e+03 4.1357e+03 3.5061e+03 3.9599e+03 3.3320e+03 4.3009e+03 3.5858e+03
  58.2500 3.7146e+03 3.2620e+03 4.2128e+03 3.2642e+03 4.2109e+03 3.6701e+03 3.7582e+03 4.0501e+03 3.4340e+03 3.8777e+03 3.2642e+03 4.2109e+03 3.5130e+03
  58.5000 3.6383e+03 3.1959e+03 4.1250e+03 3.1980e+03 4.1231e+03 3.5950e+03 3.6809e+03 3.9665e+03 3.3636e+03 3.7974e+03 3.1980e+03 4.1231e+03 3.4419e+03
  58.7500 3.5639e+03 3.1313e+03 4.0393e+03 3.1334e+03 4.0375e+03 3.5217e+03 3.6054e+03 3.8850e+03 3.2949e+03 3.7192e+03 3.1334e+03 4.0375e+03 3.3725e+03
  59.0000 3.4913e+03 3.0683e+03 3.9557e+03 3.0703e+03 3.9539e+03 3.4502e+03 3.5318e+03 3.8054e+03 3.2278e+03 3.6428e+03 3.0703e+03 3.9539e+03 3.3047e+03
  59.2500 3.4205e+03 3.0068e+03 3.8741e+03 3.0087e+03 3.8724e+03 3.3803e+03 3.4599e+03 3.7278e+03 3.1624e+03 3.5683e+03 3.0087e+03 3.8724e+03 3.2385e+03
  59.5000 3.3513e+03 2.9467e+03 3.7946e+03 2.9486e+03 3.7929e+03 3.3121e+03 3.3897e+03 3.6520e+03 3.0985e+03 3.4955e+03 2.9486e+03 3.7929e+03 3.1738e+03
  59.7500 3.2837e+03 2.8880e+03 3.7169e+03 2.8899e+03 3.7153e+03 3.2456e+03 3.3212e+03 3.5780e+03 3.0361e+03 3.4245e+03 2.8899e+03 3.7153e+03 3.1107e+03
  60.0000 3.2178e+03 2.8307e+03 3.6411e+03 2.8325e+03 3.6395e+03 3.1805e+03 3.2544e+03 3.5058e+03 2.9752e+03 3.3552e+03 2.8325e+03 3.6395e+03 3.0491e+03
  60.2500 3.1534e+03 2.7747e+03 3.5671e+03 2.7765e+03 3.5656e+03 3.1171e+03 3.1891e+03 3.4353e+03 2.9157e+03 3.2876e+03 2.7765e+03 3.5656e+03 2.9888e+03
  60.5000 3.0905e+03 2.7200e+03 3.4949e+03 2.7217e+03 3.4934e+03 3.0551e+03 3.1253e+03 3.3664e+03 2.8576e+03 3.2215e+03 2.7217e+03 3.4934e+03 2.9300e+03
  60.7500 3.0291e+03 2.6666e+03 3.4245e+03 2.6683e+03 3.4230e+03 2.9945e+03 3.0630e+03 3.2992e+03 2.8008e+03 3.1571e+03 2.6683e+03 3.4230e+03 2.8725e+03
  61.0000 2.9691e+03 2.6144e+03 3.3557e+03 2.6160e+03 3.3542e+03 2.9353e+03 3.0022e+03 3.2336e+03 2.7454e+03 3.0941e+03 2.6160e+03 3.3542e+03 2.8164e+03
  61.2500 2.9105e+03 2.5634e+03 3.2885e+03 2.5650e+03 3.2871e+03 2.8776e+03 2.9428e+03 3.1695e+03 2.6912e+03 3.0326e+03 2.5650e+03 3.2871e+03 2.7615e+03
  61.5000 2.8533e+03 2.5136e+03 3.2229e+03 2.5151e+03 3.2215e+03 2.8211e+03 2.8848e+03 3.1069e+03 2.6384e+03 2.9725e+03 2.5151e+03 3.2215e+03 2.7079e+03
  61.7500 2.7973e+03 2.4649e+03 3.1588e+03 2.4664e+03 3.1575e+03 2.7659e+03 2.8281e+03 3.0457e+03 2.5867e+03 2.9139e+03 2.4664e+03 3.1575e+03 2.6555e+03
  62.0000 2.7427e+03 2.4173e+03 3.0962e+03 2.4187e+03 3.0949e+03 2.7121e+03 2.7727e+03 2.9859e+03 2.5362e+03 2.8566e+03 2.4187e+03 3.0949e+03 2.6042e+03
  62.2500 2.6893e+03 2.3708e+03 3.0351e+03 2.3722e+03 3.0339e+03 2.6594e+03 2.7186e+03 2.9276e+03 2.4868e+03 2.8006e+03 2.3722e+03 3.0339e+03 2.5542e+03
  62.5000 2.6371e+03 2.3253e+03 2.9754e+03 2.3267e+03 2.9742e+03 2.6079e+03 2.6657e+03 2.8705e+03 2.4386e+03 2.7458e+03 2.3267e+03 2.9742e+03 2.5052e+03
  62.7500 2.5861e+03 2.2808e+03 2.9171e+03 2.2822e+03 2.9159e+03 2.5576e+03 2.6141e+03 2.8147e+03 2.3915e+03 2.6924e+03 2.2822e+03 2.9159e+03 2.4574e+03
  63.0000 2.5363e+03 2.2374e+03 2.8601e+03 2.2387e+03 2.8589e+03 2.5084e+03 2.5636e+03 2.7602e+03 2.3454e+03 2.6401e+03 2.2387e+03 2.8589e+03 2.4106e+03
  63.2500 2.4875e+03 2.1949e+03 2.8044e+03 2.1961e+03 2.8032e+03 2.4603e+03 2.5142e+03 2.7069e+03 2.3004e+03 2.5891e+03 2.1961e+03 2.8032e+03 2.3649e+03
  63.5000 2.4399e+03 2.1533e+03 2.7499e+03 2.1546e+03 2.7488e+03 2.4133e+03 2.4660e+03 2.6548e+03 2.2564e+03 2.5391e+03 2.1546e+03 2.7488e+03 2.3202e+03
  63.7500 2.3933e+03 2.1127e+03 2.6967e+03 2.1139e+03 2.6957e+03 2.3674e+03 2.4188e+03 2.6039e+03 2.2134e+03 2.4903e+03 2.1139e+03 2.6957e+03 2.2764e+03
  64.0000 2.3478e+03 2.0730e+03 2.6447e+03 2.0741e+03 2.6437e+03 2.3225e+03 2.3727e+03 2.5542e+03 2.1713e+03 2.4426e+03 2.0741e+03 2.6437e+03 2.2337e+03
  64.2500 2.3033e+03 2.0341e+03 2.5939e+03 2.0352e+03 2.5929e+03 2.2785e+03 2.3276e+03 2.5055e+03 2.1302e+03 2.3960e+03 2.0352e+03 2.5929e+03 2.1919e+03
  64.5000 2.2598e+03 1.9961e+03 2.5442e+03 1.9972e+03 2.5432e+03 2.2356e+03 2.2835e+03 2.4579e+03 2.0899e+03 2.3504e+03 1.9972e+03 2.5432e+03 2.1510e+03
  64.7500 2.2172e+03 1.9589e+03 2.4957e+03 1.9600e+03 2.4947e+03 2.1936e+03 2.2404e+03 2.4114e+03 2.0506e+03 2.3058e+03 1.9600e+03 2.4947e+03 2.1109e+03
  65.0000 2.1756e+03 1.9226e+03 2.4482e+03 1.9236e+03 2.4473e+03 2.1525e+03 2.1983e+03 2.3659e+03 2.0121e+03 2.2622e+03 1.9236e+03 2.4473e+03 2.0718e+03
  65.2500 2.1349e+03 1.8870e+03 2.4018e+03 1.8880e+03 2.4009e+03 2.1123e+03 2.1571e+03 2.3214e+03 1.9745e+03 2.2196e+03 1.8880e+03 2.4009e+03 2.0335e+03
  65.5000 2.0951e+03 1.8522e+03 2.3564e+03 1.8532e+03 2.3555e+03 2.0730e+03 2.1167e+03 2.2778e+03 1.9377e+03 2.1779e+03 1.8532e+03 2.3555e+03 1.9960e+03
  65.7500 2.0561e+03 1.8181e+03 2.3120e+03 1.8191e+03 2.3111e+03 2.0345e+03 2.0773e+03 2.2353e+03 1.9017e+03 2.1371e+03 1.8191e+03 2.3111e+03 1.9594e+03
  66.0000 2.0180e+03 1.7848e+03 2.2686e+03 1.7858e+03 2.2677e+03 1.9969e+03 2.0387e+03 2.1936e+03 1.8665e+03 2.0972e+03 1.7858e+03 2.2677e+03 1.9235e+03
  66.2500 1.9807e+03 1.7522e+03 2.2261e+03 1.7531e+03 2.2253e+03 1.9601e+03 2.0010e+03 2.1529e+03 1.8320e+03 2.0582e+03 1.7531e+03 2.2253e+03 1.8884e+03
  66.5000 1.9443e+03 1.7203e+03 2.1846e+03 1.7212e+03 2.1838e+03 1.9241e+03 1.9641e+03 2.1130e+03 1.7983e+03 2.0201e+03 1.7212e+03 2.1838e+03 1.8540e+03
  66.7500 1.9086e+03 1.6890e+03 2.1440e+03 1.6899e+03 2.1432e+03 1.8888e+03 1.9279e+03 2.0740e+03 1.7653e+03 1.9827e+03 1.6899e+03 2.1432e+03 1.8204e+03
  67.0000 1.8737e+03 1.6585e+03 2.1042e+03 1.6593e+03 2.1035e+03 1.8543e+03 1.8926e+03 2.0358e+03 1.7330e+03 1.9462e+03 1.6593e+03 2.1035e+03 1.7875e+03
  67.2500 1.8395e+03 1.6286e+03 2.0654e+03 1.6294e+03 2.0646e+03 1.8206e+03 1.8580e+03 1.9985e+03 1.7015e+03 1.9104e+03 1.6294e+03 2.0646e+03 1.7553e+03
  67.5000 1.8060e+03 1.5993e+03 2.0273e+03 1.6001e+03 2.0266e+03 1.7875e+03 1.8242e+03 1.9620e+03 1.6705e+03 1.8755e+03 1.6001e+03 2.0266e+03 1.7237e+03
  67.7500 1.7733e+03 1.5706e+03 1.9901e+03 1.5714e+03 1.9894e+03 1.7552e+03 1.7910e+03 1.9262e+03 1.6403e+03 1.8412e+03 1.5714e+03 1.9894e+03 1.6929e+03
  68.0000 1.7413e+03 1.5425e+03 1.9537e+03 1.5433e+03 1.9530e+03 1.7236e+03 1.7586e+03 1.8912e+03 1.6107e+03 1.8077e+03 1.5433e+03 1.9530e+03 1.6626e+03
  68.2500 1.7099e+03 1.5150e+03 1.9181e+03 1.5158e+03 1.9174e+03 1.6926e+03 1.7269e+03 1.8570e+03 1.5817e+03 1.7749e+03 1.5158e+03 1.9174e+03 1.6330e+03
  68.5000 1.6792e+03 1.4881e+03 1.8832e+03 1.4889e+03 1.8825e+03 1.6622e+03 1.6958e+03 1.8234e+03 1.5533e+03 1.7428e+03 1.4889e+03 1.8825e+03 1.6040e+03
  68.7500 1.6492e+03 1.4617e+03 1.8491e+03 1.4625e+03 1.8484e+03 1.6326e+03 1.6654e+03 1.7906e+03 1.5255e+03 1.7114e+03 1.4625e+03 1.8484e+03 1.5757e+03
  69.0000 1.6197e+03 1.4359e+03 1.8156e+03 1.4367e+03 1.8150e+03 1.6035e+03 1.6356e+03 1.7585e+03 1.4983e+03 1.6807e+03 1.4367e+03 1.8150e+03 1.5479e+03
  69.2500 1.5909e+03 1.4107e+03 1.7829e+03 1.4114e+03 1.7823e+03 1.5750e+03 1.6065e+03 1.7270e+03 1.4717e+03 1.6505e+03 1.4114e+03 1.7823e+03 1.5207e+03
  69.5000 1.5627e+03 1.3859e+03 1.7509e+03 1.3866e+03 1.7503e+03 1.5472e+03 1.5780e+03 1.6962e+03 1.4456e+03 1.6211e+03 1.3866e+03 1.7503e+03 1.4940e+03
  69.7500 1.5351e+03 1.3616e+03 1.7196e+03 1.3623e+03 1.7190e+03 1.5198e+03 1.5500e+03 1.6660e+03 1.4201e+03 1.5922e+03 1.3623e+03 1.7190e+03 1.4679e+03
  70.0000 1.5080e+03 1.3379e+03 1.6889e+03 1.3385e+03 1.6883e+03 1.4931e+03 1.5227e+03 1.6365e+03 1.3950e+03 1.5639e+03 1.3385e+03 1.6883e+03 1.4423e+03
  70.2500 1.4815e+03 1.3146e+03 1.6589e+03 1.3153e+03 1.6583e+03 1.4669e+03 1.4958e+03 1.6076e+03 1.3706e+03 1.5363e+03 1.3153e+03 1.6583e+03 1.4172e+03
  70.5000 1.4556e+03 1.2918e+03 1.6294e+03 1.2925e+03 1.6289e+03 1.4413e+03 1.4696e+03 1.5792e+03 1.3466e+03 1.5092e+03 1.2925e+03 1.6289e+03 1.3927e+03
  70.7500 1.4302e+03 1.2695e+03 1.6006e+03 1.2701e+03 1.6001e+03 1.4162e+03 1.4439e+03 1.5515e+03 1.3231e+03 1.4826e+03 1.2701e+03 1.6001e+03 1.3686e+03
  71.0000 1.4053e+03 1.2476e+03 1.5724e+03 1.2482e+03 1.5719e+03 1.3916e+03 1.4187e+03 1.5243e+03 1.3000e+03 1.4566e+03 1.2482e+03 1.5719e+03 1.3450e+03
  71.2500 1.3809e+03 1.2262e+03 1.5448e+03 1.2267e+03 1.5443e+03 1.3675e+03 1.3941e+03 1.4977e+03 1.2775e+03 1.4312e+03 1.2267e+03 1.5443e+03 1.3220e+03
  71.5000 1.3570e+03 1.2051e+03 1.5177e+03 1.2057e+03 1.5172e+03 1.3438e+03 1.3699e+03 1.4717e+03 1.2554e+03 1.4062e+03 1.2057e+03 1.5172e+03 1.2993e+03
  71.7500 1.3336e+03 1.1846e+03 1.4912e+03 1.1851e+03 1.4907e+03 1.3207e+03 1.3462e+03 1.4461e+03 1.2338e+03 1.3818e+03 1.1851e+03 1.4907e+03 1.2771e+03
  72.0000 1.3107e+03 1.1644e+03 1.4653e+03 1.1649e+03 1.4648e+03 1.2980e+03 1.3230e+03 1.4211e+03 1.2125e+03 1.3578e+03 1.1649e+03 1.4648e+03 1.2554e+03
  72.2500 1.2882e+03 1.1446e+03 1.4398e+03 1.1451e+03 1.4393e+03 1.2758e+03 1.3003e+03 1.3966e+03 1.1918e+03 1.3344e+03 1.1451e+03 1.4393e+03 1.2341e+03
  72.5000 1.2662e+03 1.1252e+03 1.4149e+03 1.1257e+03 1.4145e+03 1.2540e+03 1.2780e+03 1.3726e+03 1.1714e+03 1.3114e+03 1.1257e+03 1.4145e+03 1.2132e+03
  72.7500 1.2446e+03 1.1062e+03 1.3905e+03 1.1067e+03 1.3900e+03 1.2327e+03 1.2562e+03 1.3491e+03 1.1515e+03 1.2889e+03 1.1067e+03 1.3900e+03 1.1927e+03
  73.0000 1.2234e+03 1.0876e+03 1.3666e+03 1.0881e+03 1.3661e+03 1.2118e+03 1.2348e+03 1.3260e+03 1.1319e+03 1.2668e+03 1.0881e+03 1.3661e+03 1.1727e+03
  73.2500 1.2027e+03 1.0693e+03 1.3432e+03 1.0698e+03 1.3427e+03 1.1913e+03 1.2139e+03 1.3034e+03 1.1127e+03 1.2452e+03 1.0698e+03 1.3427e+03 1.1530e+03
  73.5000 1.1824e+03 1.0514e+03 1.3202e+03 1.0519e+03 1.3198e+03 1.1712e+03 1.1934e+03 1.2813e+03 1.0939e+03 1.2240e+03 1.0519e+03 1.3198e+03 1.1337e+03
  73.7500 1.1625e+03 1.0339e+03 1.2977e+03 1.0343e+03 1.2972e+03 1.1515e+03 1.1732e+03 1.2596e+03 1.0755e+03 1.2033e+03 1.0343e+03 1.2972e+03 1.1148e+03
  74.0000 1.1430e+03 1.0167e+03 1.2756e+03 1.0171e+03 1.2752e+03 1.1322e+03 1.1535e+03 1.2383e+03 1.0575e+03 1.1829e+03 1.0171e+03 1.2752e+03 1.0963e+03
  74.2500 1.1238e+03 9.9977e+02 1.2540e+03 1.0002e+03 1.2536e+03 1.1133e+03 1.1342e+03 1.2175e+03 1.0398e+03 1.1630e+03 1.0002e+03 1.2536e+03 1.0781e+03
  74.5000 1.1051e+03 9.8323e+02 1.2328e+03 9.8366e+02 1.2324e+03 1.0948e+03 1.1152e+03 1.1970e+03 1.0224e+03 1.1434e+03 9.8366e+02 1.2324e+03 1.0603e+03
  74.7500 1.0867e+03 9.6700e+02 1.2121e+03 9.6743e+02 1.2117e+03 1.0766e+03 1.0966e+03 1.1770e+03 1.0054e+03 1.1242e+03 9.6743e+02 1.2117e+03 1.0428e+03
  75.0000 1.0687e+03 9.5108e+02 1.1917e+03 9.5150e+02 1.1913e+03 1.0587e+03 1.0784e+03 1.1573e+03 9.8874e+02 1.1054e+03 9.5150e+02 1.1913e+03 1.0256e+03
  75.2500 1.0510e+03 9.3547e+02 1.1717e+03 9.3588e+02 1.1714e+03 1.0412e+03 1.0605e+03 1.1381e+03 9.7239e+02 1.0870e+03 9.3588e+02 1.1714e+03 1.0088e+03
  75.5000 1.0336e+03 9.2016e+02 1.1522e+03 9.2057e+02 1.1518e+03 1.0241e+03 1.0430e+03 1.1192e+03 9.5635e+02 1.0690e+03 9.2057e+02 1.1518e+03 9.9232e+02
  75.7500 1.0166e+03 9.0515e+02 1.1330e+03 9.0554e+02 1.1326e+03 1.0073e+03 1.0258e+03 1.1007e+03 9.4063e+02 1.0512e+03 9.0554e+02 1.1326e+03 9.7613e+02
  76.0000 9.9997e+02 8.9042e+02 1.1142e+03 8.9080e+02 1.1138e+03 9.9080e+02 1.0090e+03 1.0826e+03 9.2520e+02 1.0339e+03 8.9080e+02 1.1138e+03 9.6026e+02
  76.2500 9.8361e+02 8.7596e+02 1.0957e+03 8.7634e+02 1.0954e+03 9.7462e+02 9.9246e+02 1.0648e+03 9.1007e+02 1.0168e+03 8.7634e+02 1.0954e+03 9.4469e+02
  76.5000 9.6757e+02 8.6179e+02 1.0776e+03 8.6215e+02 1.0773e+03 9.5875e+02 9.7624e+02 1.0473e+03 8.9523e+02 1.0001e+03 8.6215e+02 1.0773e+03 9.2942e+02
  76.7500 9.5183e+02 8.4788e+02 1.0599e+03 8.4824e+02 1.0596e+03 9.4318e+02 9.6034e+02 1.0302e+03 8.8067e+02 9.8375e+02 8.4824e+02 1.0596e+03 9.1443e+02
  77.0000 9.3639e+02 8.3423e+02 1.0425e+03 8.3458e+02 1.0422e+03 9.2790e+02 9.4474e+02 1.0134e+03 8.6638e+02 9.6768e+02 8.3458e+02 1.0422e+03 8.9973e+02
  77.2500 9.2124e+02 8.2084e+02 1.0254e+03 8.2119e+02 1.0251e+03 9.1291e+02 9.2943e+02 9.9690e+02 8.5237e+02 9.5191e+02 8.2119e+02 1.0251e+03 8.8530e+02
  77.5000 9.0638e+02 8.0770e+02 1.0087e+03 8.0804e+02 1.0084e+03 8.9821e+02 9.1441e+02 9.8074e+02 8.3862e+02 9.3645e+02 8.0804e+02 1.0084e+03 8.7114e+02
  77.7500 8.9179e+02 7.9481e+02 9.9229e+02 7.9514e+02 9.9198e+02 8.8378e+02 8.9968e+02 9.6488e+02 8.2512e+02 9.2127e+02 7.9514e+02 9.9198e+02 8.5725e+02
  78.0000 8.7748e+02 7.8215e+02 9.7618e+02 7.8248e+02 9.7588e+02 8.6962e+02 8.8522e+02 9.4931e+02 8.1188e+02 9.0639e+02 7.8248e+02 9.7588e+02 8.4361e+02
  78.2500 8.6344e+02 7.6973e+02 9.6038e+02 7.7005e+02 9.6008e+02 8.5572e+02 8.7103e+02 9.3404e+02 7.9889e+02 8.9178e+02 7.7005e+02 9.6008e+02 8.3023e+02
  78.5000 8.4966e+02 7.5755e+02 9.4488e+02 7.5786e+02 9.4459e+02 8.4208e+02 8.5711e+02 9.1906e+02 7.8614e+02 8.7745e+02 7.5786e+02 9.4459e+02 8.1709e+02
  78.7500 8.3613e+02 7.4558e+02 9.2967e+02 7.4589e+02 9.2938e+02 8.2870e+02 8.4345e+02 9.0436e+02 7.7363e+02 8.6339e+02 7.4589e+02 9.2938e+02 8.0420e+02
  79.0000 8.2286e+02 7.3384e+02 9.1475e+02 7.3414e+02 9.1447e+02 8.1556e+02 8.3004e+02 8.8993e+02 7.6135e+02 8.4959e+02 7.3414e+02 9.1447e+02 7.9155e+02
  79.2500 8.0983e+02 7.2231e+02 9.0011e+02 7.2261e+02 8.9983e+02 8.0267e+02 8.1688e+02 8.7577e+02 7.4929e+02 8.3605e+02 7.2261e+02 8.9983e+02 7.7913e+02
  79.5000 7.9704e+02 7.1100e+02 8.8574e+02 7.1129e+02 8.8547e+02 7.9001e+02 8.0396e+02 8.6187e+02 7.3746e+02 8.2276e+02 7.1129e+02 8.8547e+02 7.6693e+02
  79.7500 7.8449e+02 6.9989e+02 8.7164e+02 7.0017e+02 8.7137e+02 7.7759e+02 7.9128e+02 8.4823e+02 7.2584e+02 8.0972e+02 7.0017e+02 8.7137e+02 7.5496e+02
  80.0000 7.7216e+02 6.8898e+02 8.5780e+02 6.8926e+02 8.5754e+02 7.6539e+02 7.7884e+02 8.3485e+02 7.1444e+02 7.9692e+02 6.8926e+02 8.5754e+02 7.4321e+02
  80.2500 7.6007e+02 6.7828e+02 8.4422e+02 6.7855e+02 8.4396e+02 7.5342e+02 7.6662e+02 8.2171e+02 7.0325e+02 7.8435e+02 6.7855e+02 8.4396e+02 7.3167e+02
  80.5000 7.4819e+02 6.6776e+02 8.3089e+02 6.6803e+02 8.3064e+02 7.4166e+02 7.5462e+02 8.0880e+02 6.9226e+02 7.7202e+02 6.6803e+02 8.3064e+02 7.2034e+02
  80.7500 7.3653e+02 6.5744e+02 8.1781e+02 6.5770e+02 8.1756e+02 7.3012e+02 7.4285e+02 7.9614e+02 6.8147e+02 7.5991e+02 6.5770e+02 8.1756e+02 7.0922e+02
  81.0000 7.2508e+02 6.4731e+02 8.0496e+02 6.4756e+02 8.0472e+02 7.1879e+02 7.3129e+02 7.8371e+02 6.7088e+02 7.4803e+02 6.4756e+02 8.0472e+02 6.9829e+02
  81.2500 7.1384e+02 6.3735e+02 7.9236e+02 6.3760e+02 7.9212e+02 7.0766e+02 7.1994e+02 7.7150e+02 6.6048e+02 7.3636e+02 6.3760e+02 7.9212e+02 6.8757e+02
  81.5000 7.0280e+02 6.2758e+02 7.7998e+02 6.2782e+02 7.7975e+02 6.9673e+02 7.0879e+02 7.5952e+02 6.5026e+02 7.2490e+02 6.2782e+02 7.7975e+02 6.7703e+02
  81.7500 6.9197e+02 6.1798e+02 7.6783e+02 6.1822e+02 7.6760e+02 6.8600e+02 6.9785e+02 7.4775e+02 6.4023e+02 7.1365e+02 6.1822e+02 7.6760e+02 6.6669e+02
  82.0000 6.8132e+02 6.0855e+02 7.5590e+02 6.0878e+02 7.5567e+02 6.7546e+02 6.8710e+02 7.3620e+02 6.3038e+02 7.0261e+02 6.0878e+02 7.5567e+02 6.5652e+02
  82.2500 6.7087e+02 5.9929e+02 7.4419e+02 5.9952e+02 7.4397e+02 6.6511e+02 6.7654e+02 7.2485e+02 6.2071e+02 6.9176e+02 5.9952e+02 7.4397e+02 6.4654e+02
  82.5000 6.6060e+02 5.9019e+02 7.3268e+02 5.9042e+02 7.3247e+02 6.5495e+02 6.6618e+02 7.1371e+02 6.1121e+02 6.8111e+02 5.9042e+02 7.3247e+02 6.3674e+02
  82.7500 6.5052e+02 5.8126e+02 7.2139e+02 5.8148e+02 7.2118e+02 6.4497e+02 6.5600e+02 7.0277e+02 6.0188e+02 6.7065e+02 5.8148e+02 7.2118e+02 6.2711e+02
  83.0000 6.4062e+02 5.7248e+02 7.1030e+02 5.7270e+02 7.1009e+02 6.3516e+02 6.4600e+02 6.9202e+02 5.9271e+02 6.6038e+02 5.7270e+02 7.1009e+02 6.1765e+02
  83.2500 6.3089e+02 5.6386e+02 6.9941e+02 5.6407e+02 6.9921e+02 6.2553e+02 6.3617e+02 6.8147e+02 5.8371e+02 6.5029e+02 5.6407e+02 6.9921e+02 6.0836e+02
  83.5000 6.2133e+02 5.5539e+02 6.8872e+02 5.5560e+02 6.8851e+02 6.1606e+02 6.2653e+02 6.7110e+02 5.7487e+02 6.4039e+02 5.5560e+02 6.8851e+02 5.9923e+02
  83.7500 6.1195e+02 5.4707e+02 6.7821e+02 5.4727e+02 6.7801e+02 6.0677e+02 6.1705e+02 6.6091e+02 5.6618e+02 6.3066e+02 5.4727e+02 6.7801e+02 5.9026e+02
  84.0000 6.0273e+02 5.3889e+02 6.6789e+02 5.3910e+02 6.6770e+02 5.9764e+02 6.0774e+02 6.5091e+02 5.5765e+02 6.2110e+02 5.3910e+02 6.6770e+02 5.8145e+02
  84.2500 5.9366e+02 5.3086e+02 6.5776e+02 5.3106e+02 6.5757e+02 5.8866e+02 5.9860e+02 6.4109e+02 5.4926e+02 6.1171e+02 5.3106e+02 6.5757e+02 5.7279e+02
  84.5000 5.8476e+02 5.2297e+02 6.4781e+02 5.2316e+02 6.4762e+02 5.7985e+02 5.8961e+02 6.3143e+02 5.4103e+02 6.0248e+02 5.2316e+02 6.4762e+02 5.6428e+02
  84.7500 5.7602e+02 5.1521e+02 6.3803e+02 5.1540e+02 6.3784e+02 5.7119e+02 5.8078e+02 6.2195e+02 5.3294e+02 5.9342e+02 5.1540e+02 6.3784e+02 5.5592e+02
  85.0000 5.6743e+02 5.0759e+02 6.2842e+02 5.0778e+02 6.2824e+02 5.6268e+02 5.7211e+02 6.1263e+02 5.2498e+02 5.8452e+02 5.0778e+02 6.2824e+02 5.4770e+02
  85.2500 5.5899e+02 5.0010e+02 6.1898e+02 5.0028e+02 6.1881e+02 5.5432e+02 5.6359e+02 6.0348e+02 5.1717e+02 5.7577e+02 5.0028e+02 6.1881e+02 5.3963e+02
  85.5000 5.5069e+02 4.9274e+02 6.0971e+02 4.9292e+02 6.0954e+02 5.4610e+02 5.5521e+02 5.9448e+02 5.0949e+02 5.6718e+02 4.9292e+02 6.0954e+02 5.3169e+02
  85.7500 5.4254e+02 4.8550e+02 6.0060e+02 4.8568e+02 6.0043e+02 5.3803e+02 5.4698e+02 5.8565e+02 5.0195e+02 5.5873e+02 4.8568e+02 6.0043e+02 5.2389e+02
  86.0000 5.3452e+02 4.7839e+02 5.9165e+02 4.7857e+02 5.9149e+02 5.3009e+02 5.3890e+02 5.7696e+02 4.9453e+02 5.5043e+02 4.7857e+02 5.9149e+02 5.1623e+02
  86.2500 5.2665e+02 4.7140e+02 5.8286e+02 4.7158e+02 5.8269e+02 5.2229e+02 5.3095e+02 5.6843e+02 4.8725e+02 5.4228e+02 4.7158e+02 5.8269e+02 5.0869e+02
  86.5000 5.1891e+02 4.6454e+02 5.7422e+02 4.6470e+02 5.7405e+02 5.1463e+02 5.2314e+02 5.6004e+02 4.8009e+02 5.3426e+02 4.6470e+02 5.7405e+02 5.0129e+02
  86.7500 5.1131e+02 4.5778e+02 5.6572e+02 4.5795e+02 5.6556e+02 5.0709e+02 5.1546e+02 5.5180e+02 4.7305e+02 5.2639e+02 4.5795e+02 5.6556e+02 4.9401e+02
  87.0000 5.0383e+02 4.5115e+02 5.5738e+02 4.5131e+02 5.5722e+02 4.9969e+02 5.0792e+02 5.4370e+02 4.6613e+02 5.1865e+02 4.5131e+02 5.5722e+02 4.8685e+02
  87.2500 4.9648e+02 4.4462e+02 5.4918e+02 4.4478e+02 5.4902e+02 4.9241e+02 5.0050e+02 5.3574e+02 4.5933e+02 5.1104e+02 4.4478e+02 5.4902e+02 4.7982e+02
  87.5000 4.8926e+02 4.3821e+02 5.4111e+02 4.3837e+02 5.4096e+02 4.8525e+02 4.9321e+02 5.2791e+02 4.5264e+02 5.0357e+02 4.3837e+02 5.4096e+02 4.7290e+02
  87.7500 4.8216e+02 4.3190e+02 5.3319e+02 4.3206e+02 5.3304e+02 4.7822e+02 4.8605e+02 5.2022e+02 4.4607e+02 4.9622e+02 4.3206e+02 5.3304e+02 4.6610e+02
  88.0000 4.7518e+02 4.2570e+02 5.2540e+02 4.2585e+02 5.2526e+02 4.7130e+02 4.7900e+02 5.1265e+02 4.3962e+02 4.8899e+02 4.2585e+02 5.2526e+02 4.5942e+02
  88.2500 4.6832e+02 4.1961e+02 5.1775e+02 4.1975e+02 5.1761e+02 4.6450e+02 4.7208e+02 5.0522e+02 4.3326e+02 4.8189e+02 4.1975e+02 5.1761e+02 4.5285e+02
  88.5000 4.6157e+02 4.1361e+02 5.1022e+02 4.1376e+02 5.1008e+02 4.5782e+02 4.6527e+02 4.9792e+02 4.2702e+02 4.7491e+02 4.1376e+02 5.1008e+02 4.4638e+02
  88.7500 4.5494e+02 4.0772e+02 5.0283e+02 4.0786e+02 5.0269e+02 4.5125e+02 4.5858e+02 4.9073e+02 4.2088e+02 4.6805e+02 4.0786e+02 5.0269e+02 4.4003e+02
  89.0000 4.4842e+02 4.0192e+02 4.9556e+02 4.0206e+02 4.9542e+02 4.4479e+02 4.5200e+02 4.8367e+02 4.1485e+02 4.6130e+02 4.0206e+02 4.9542e+02 4.3378e+02
  89.2500 4.4201e+02 3.9622e+02 4.8841e+02 3.9636e+02 4.8827e+02 4.3844e+02 4.4553e+02 4.7672e+02 4.0892e+02 4.5467e+02 3.9636e+02 4.8827e+02 4.2763e+02
  89.5000 4.3570e+02 3.9062e+02 4.8138e+02 3.9075e+02 4.8125e+02 4.3219e+02 4.3917e+02 4.6990e+02 4.0308e+02 4.4815e+02 3.9075e+02 4.8125e+02 4.2159e+02
  89.7500 4.2950e+02 3.8511e+02 4.7447e+02 3.8524e+02 4.7434e+02 4.2605e+02 4.3291e+02 4.6318e+02 3.9734e+02 4.4173e+02 3.8524e+02 4.7434e+02 4.1564e+02
  90.0000 4.2341e+02 3.7969e+02 4.6767e+02 3.7982e+02 4.6755e+02 4.2000e+02 4.2676e+02 4.5658e+02 3.9170e+02 4.3543e+02 3.7982e+02 4.6755e+02 4.0980e+02
  90.2500 4.1741e+02 3.7435e+02 4.6099e+02 3.7448e+02 4.6087e+02 4.1406e+02 4.2071e+02 4.5009e+02 3.8615e+02 4.2923e+02 3.7448e+02 4.6087e+02 4.0405e+02
  90.5000 4.1151e+02 3.6911e+02 4.5442e+02 3.6924e+02 4.5430e+02 4.0822e+02 4.1476e+02 4.4371e+02 3.8070e+02 4.2313e+02 3.6924e+02 4.5430e+02 3.9839e+02
  90.7500 4.0572e+02 3.6395e+02 4.4796e+02 3.6408e+02 4.4784e+02 4.0248e+02 4.0891e+02 4.3743e+02 3.7533e+02 4.1713e+02 3.6408e+02 4.4784e+02 3.9283e+02
  91.0000 4.0001e+02 3.5888e+02 4.4161e+02 3.5900e+02 4.4149e+02 3.9682e+02 4.0316e+02 4.3126e+02 3.7005e+02 4.1123e+02 3.5900e+02 4.4149e+02 3.8736e+02
  91.2500 3.9440e+02 3.5389e+02 4.3536e+02 3.5401e+02 4.3524e+02 3.9126e+02 3.9750e+02 4.2519e+02 3.6486e+02 4.0543e+02 3.5401e+02 4.3524e+02 3.8198e+02
  91.5000 3.8889e+02 3.4898e+02 4.2922e+02 3.4910e+02 4.2910e+02 3.8580e+02 3.9194e+02 4.1921e+02 3.5975e+02 3.9973e+02 3.4910e+02 4.2910e+02 3.7668e+02
  91.7500 3.8346e+02 3.4415e+02 4.2317e+02 3.4427e+02 4.2306e+02 3.8042e+02 3.8646e+02 4.1334e+02 3.5473e+02 3.9412e+02 3.4427e+02 4.2306e+02 3.7147e+02
  92.0000 3.7812e+02 3.3940e+02 4.1723e+02 3.3951e+02 4.1712e+02 3.7513e+02 3.8107e+02 4.0756e+02 3.4979e+02 3.8860e+02 3.3951e+02 4.1712e+02 3.6635e+02
  92.2500 3.7287e+02 3.3472e+02 4.1138e+02 3.3484e+02 4.1127e+02 3.6992e+02 3.7578e+02 4.0188e+02 3.4493e+02 3.8317e+02 3.3484e+02 4.1127e+02 3.6131e+02
  92.5000 3.6770e+02 3.3012e+02 4.0563e+02 3.3024e+02 4.0552e+02 3.6481e+02 3.7056e+02 3.9629e+02 3.4015e+02 3.7783e+02 3.3024e+02 4.0552e+02 3.5635e+02
  92.7500 3.6262e+02 3.2560e+02 3.9997e+02 3.2571e+02 3.9986e+02 3.5977e+02 3.6544e+02 3.9079e+02 3.3545e+02 3.7257e+02 3.2571e+02 3.9986e+02 3.5146e+02
  93.0000 3.5762e+02 3.2114e+02 3.9440e+02 3.2125e+02 3.9430e+02 3.5481e+02 3.6039e+02 3.8538e+02 3.3082e+02 3.6740e+02 3.2125e+02 3.9430e+02 3.4666e+02
  93.2500 3.5270e+02 3.1676e+02 3.8893e+02 3.1687e+02 3.8883e+02 3.4994e+02 3.5543e+02 3.8005e+02 3.2627e+02 3.6232e+02 3.1687e+02 3.8883e+02 3.4194e+02
  93.5000 3.4786e+02 3.1245e+02 3.8354e+02 3.1256e+02 3.8344e+02 3.4514e+02 3.5055e+02 3.7482e+02 3.2179e+02 3.5732e+02 3.1256e+02 3.8344e+02 3.3728e+02
  93.7500 3.4310e+02 3.0821e+02 3.7824e+02 3.0831e+02 3.7814e+02 3.4042e+02 3.4575e+02 3.6966e+02 3.1738e+02 3.5239e+02 3.0831e+02 3.7814e+02 3.3270e+02
  94.0000 3.3841e+02 3.0403e+02 3.7303e+02 3.0413e+02 3.7293e+02 3.3577e+02 3.4102e+02 3.6459e+02 3.1304e+02 3.4755e+02 3.0413e+02 3.7293e+02 3.2820e+02
  94.2500 3.3380e+02 2.9992e+02 3.6790e+02 3.0002e+02 3.6780e+02 3.3120e+02 3.3636e+02 3.5960e+02 3.0877e+02 3.4278e+02 3.0002e+02 3.6780e+02 3.2376e+02
  94.5000 3.2926e+02 2.9587e+02 3.6285e+02 2.9597e+02 3.6275e+02 3.2670e+02 3.3179e+02 3.5469e+02 3.0457e+02 3.3809e+02 2.9597e+02 3.6275e+02 3.1940e+02
  94.7500 3.2479e+02 2.9189e+02 3.5788e+02 2.9198e+02 3.5779e+02 3.2227e+02 3.2728e+02 3.4986e+02 3.0044e+02 3.3348e+02 2.9198e+02 3.5779e+02 3.1510e+02
  95.0000 3.2039e+02 2.8796e+02 3.5300e+02 2.8806e+02 3.5290e+02 3.1791e+02 3.2284e+02 3.4511e+02 2.9637e+02 3.2894e+02 2.8806e+02 3.5290e+02 3.1087e+02
  95.2500 3.1606e+02 2.8410e+02 3.4818e+02 2.8420e+02 3.4809e+02 3.1362e+02 3.1848e+02 3.4043e+02 2.9237e+02 3.2447e+02 2.8420e+02 3.4809e+02 3.0671e+02
  95.5000 3.1181e+02 2.8030e+02 3.4345e+02 2.8040e+02 3.4336e+02 3.0940e+02 3.1418e+02 3.3582e+02 2.8842e+02 3.2007e+02 2.8040e+02 3.4336e+02 3.0261e+02
  95.7500 3.0761e+02 2.7656e+02 3.3879e+02 2.7665e+02 3.3870e+02 3.0524e+02 3.0995e+02 3.3129e+02 2.8454e+02 3.1574e+02 2.7665e+02 3.3870e+02 2.9857e+02
  96.0000 3.0348e+02 2.7288e+02 3.3421e+02 2.7297e+02 3.3412e+02 3.0115e+02 3.0579e+02 3.2682e+02 2.8072e+02 3.1148e+02 2.7297e+02 3.3412e+02 2.9460e+02
  96.2500 2.9942e+02 2.6925e+02 3.2970e+02 2.6934e+02 3.2961e+02 2.9712e+02 3.0169e+02 3.2243e+02 2.7696e+02 3.0728e+02 2.6934e+02 3.2961e+02 2.9069e+02
  96.5000 2.9542e+02 2.6568e+02 3.2525e+02 2.6577e+02 3.2517e+02 2.9315e+02 2.9766e+02 3.1811e+02 2.7326e+02 3.0316e+02 2.6577e+02 3.2517e+02 2.8683e+02
  96.7500 2.9148e+02 2.6217e+02 3.2088e+02 2.6225e+02 3.2080e+02 2.8925e+02 2.9369e+02 3.1385e+02 2.6962e+02 2.9909e+02 2.6225e+02 3.2080e+02 2.8304e+02
  97.0000 2.8761e+02 2.5871e+02 3.1658e+02 2.5879e+02 3.1650e+02 2.8541e+02 2.8978e+02 3.0966e+02 2.6603e+02 2.9509e+02 2.5879e+02 3.1650e+02 2.7931e+02
  97.2500 2.8379e+02 2.5530e+02 3.1234e+02 2.5538e+02 3.1226e+02 2.8162e+02 2.8593e+02 3.0554e+02 2.6250e+02 2.9115e+02 2.5538e+02 3.1226e+02 2.7563e+02
  97.5000 2.8003e+02 2.5194e+02 3.0817e+02 2.5202e+02 3.0809e+02 2.7790e+02 2.8214e+02 3.0148e+02 2.5902e+02 2.8728e+02 2.5202e+02 3.0809e+02 2.7201e+02
  97.7500 2.7633e+02 2.4864e+02 3.0407e+02 2.4872e+02 3.0399e+02 2.7423e+02 2.7841e+02 2.9748e+02 2.5559e+02 2.8346e+02 2.4872e+02 3.0399e+02 2.6844e+02
  98.0000 2.7269e+02 2.4538e+02 3.0003e+02 2.4546e+02 2.9995e+02 2.7062e+02 2.7474e+02 2.9354e+02 2.5222e+02 2.7970e+02 2.4546e+02 2.9995e+02 2.6493e+02
  98.2500 2.6910e+02 2.4218e+02 2.9605e+02 2.4225e+02 2.9597e+02 2.6706e+02 2.7112e+02 2.8967e+02 2.4890e+02 2.7600e+02 2.4225e+02 2.9597e+02 2.6148e+02
  98.5000 2.6557e+02 2.3902e+02 2.9213e+02 2.3909e+02 2.9206e+02 2.6356e+02 2.6756e+02 2.8585e+02 2.4563e+02 2.7236e+02 2.3909e+02 2.9206e+02 2.5807e+02
  98.7500 2.6209e+02 2.3591e+02 2.8827e+02 2.3599e+02 2.8820e+02 2.6011e+02 2.6405e+02 2.8209e+02 2.4242e+02 2.6877e+02 2.3599e+02 2.8820e+02 2.5472e+02
  99.0000 2.5867e+02 2.3285e+02 2.8448e+02 2.3292e+02 2.8440e+02 2.5671e+02 2.6060e+02 2.7839e+02 2.3925e+02 2.6524e+02 2.3292e+02 2.8440e+02 2.5141e+02
  99.2500 2.5529e+02 2.2983e+02 2.8074e+02 2.2991e+02 2.8067e+02 2.5337e+02 2.5720e+02 2.7475e+02 2.3612e+02 2.6176e+02 2.2991e+02 2.8067e+02 2.4816e+02
  99.5000 2.5197e+02 2.2686e+02 2.7706e+02 2.2693e+02 2.7699e+02 2.5008e+02 2.5385e+02 2.7116e+02 2.3305e+02 2.5834e+02 2.2693e+02 2.7699e+02 2.4496e+02
  99.7500 2.4870e+02 2.2394e+02 2.7343e+02 2.2401e+02 2.7336e+02 2.4683e+02 2.5055e+02 2.6763e+02 2.3002e+02 2.5497e+02 2.2401e+02 2.7336e+02 2.4180e+02
 100.0000 2.4548e+02 2.2105e+02 2.6986e+02 2.2112e+02 2.6979e+02 2.4364e+02 2.4730e+02 2.6415e+02 2.2704e+02 2.5165e+02 2.2112e+02 2.6979e+02 2.3869e+02
